0.137931034483
0.0
2.09677419355
0.0
-0.176470588235
-2.22222222222
0.480769230769
0.740740740741
0.0
0.294117647059
-0.434782608696
0.0
0.258064516129
0.0
0.0
-0.264900662252
-0.106382978723
1.63043478261
-0.333333333333
0.0
0.117647058824
-2.15384615385
1.1
-10.5714285714
0.0
5.55555555556
1.22807017544
0.689655172414
0.0
0.0
0.0
0.0
-0.0684931506849
-0.388888888889
0.0
-0.123076923077
-1.91011235955
0.0704225352113
0.0
0.402298850575
0.0
0.0
0.0
-0.142857142857
-0.717948717949
1.38888888889
0.0
-0.25
0.0
0.0
0.0
-1.3125
-0.483870967742
-1.02040816327
-0.142857142857
-1.52173913043
0.756756756757
0.0
0.0
0.740740740741
-0.5
5.02222222222
-0.153846153846
-4.0
0.0
-0.56338028169
0.0
-0.151515151515
0.848484848485
6.71428571429
0.0
0.103703703704
-0.4
0.0
0.0
-1.0
-22.4444444444
0.0
0.0
-0.16
1.0989010989
0.0
1.03359173127
-1.77777777778
0.30303030303
0.0
0.0
0.0
-2.16923076923
0.0
0.0
1.25
-1.32075471698
-1.0
0.121951219512
-0.2
0.333333333333
-0.125
0.0
0.0490196078431
-0.206896551724
0.0
-0.133333333333
0.0
0.0
0.0
-3.65
0.285714285714
0.666666666667
-1.02564102564
0.625
0.0
-0.75
-0.952380952381
0.144927536232
0.0
0.883310088331
-1.38888888889
2.20689655172
2.0
-0.485436893204
0.0423728813559
-0.916666666667
0.0
2.5
-1.02564102564
-1.85714285714
1.47058823529
0.641025641026
0.0
3.45652173913
0.0
0.0
-2.27272727273
-0.0888888888889
0.0
-2.0
-1.29032258065
-2.03125
0.0
-0.428571428571
1.81818181818
-0.185185185185
0.402298850575
1.53846153846
0.46875
7.4
4.0
0.0
0.117924528302
0.0
0.0
0.0
-0.315789473684
-3.28
0.388888888889
0.0
-0.980392156863
-0.588235294118
0.260869565217
-0.46511627907
0.055
-1.56734693878
-2.94117647059
-3.0
0.0
1.375
-0.227272727273
0.369230769231
0.0
-1.96581196581
-0.444444444444
0.0
0.137931034483
-0.833333333333
2.2
-0.269230769231
-0.333333333333
0.608424336973
-0.90625
-0.740740740741
0.32
1.69811320755
-0.2
0.909090909091
-0.571428571429
1.76470588235
5.61538461538
0.166666666667
0.103092783505
-0.571428571429
0.0
-1.13333333333
1.04166666667
0.0
-1.27659574468
0.322580645161
-0.49504950495
0.877192982456
0.421052631579
-2.26666666667
3.7
0.0
0.941176470588
4.08163265306
-0.285714285714
0.0
0.0666666666667
-0.0909090909091
0.0
-0.925925925926
0.178571428571
0.0
0.484615384615
-4.5
0.0
0.142857142857
0.0
0.0
0.0
-0.428571428571
-0.5
0.275590551181
0.888888888889
-0.0666666666667
0.0
0.0
-1.31818181818
0.0
0.0
-1.01587301587
-0.348837209302
0.689655172414
0.8
-0.0555555555556
-1.20481927711
0.357142857143
-1.5
0.0
0.0
-4.19047619048
-0.206896551724
0.181818181818
-0.941176470588
4.21052631971e-06
0.275862068966
0.0
-0.657142857143
-2.59259259259
0.0
0.0
0.0
-2.57142857143
-1.76119402985
-0.30303030303
0.0
-1.45833333333
0.0
-0.405405405405
0.854700854701
-0.625
0.0
-0.769230769231
0.0
0.955882352941
0.0
0.722891566265
0.0
-1.48148148148
1.31578947368
-0.75
0.266666666667
0.4
0.2
-1.48
-0.533333333333
0.0
-0.190476190476
0.851063829787
-0.533333333333
0.0
1.66666666667
0.0
0.0
0.375
-0.505050505051
-2.2
0.166666666667
2.27272727273
-0.522222222222
-0.181818181818
0.232558139535
0.0
0.217391304348
0.0
0.0
1.23287671233
1.5
2.06666666667
5.0
-0.192307692308
0.571428571429
0.0
-0.521739130435
-0.833333333333
0.0
0.945454545455
-1.84210526316
1.5306122449
-0.722222222222
0.0
0.619047619048
0.666666666667
-1.66666666667
-0.153846153846
-0.305084745763
-0.76
2.2
-0.0452488687783
-1.30434782609
0.0
-0.153846153846
-1.85185185185
0.217391304348
0.0
-2.54545454545
-1.94444444444
-0.656565656566
-0.625
0.0
-1.75438596491
-2.76470588235
-0.222222222222
0.0625
0.454545454545
0.0833333333333
-0.380952380952
0.0
2.40769230769
-0.181818181818
-0.654545454545
0.047619047619
0.47619047619
0.0
-0.701754385965
-0.344827586207
0.545454545455
0.472972972973
0.222222222222
-1.125
0.0
-0.5
0.444444444444
-1.01449275362
0.0
0.291262135922
0.133333333333
0.0
0.0
-0.760869565217
-0.272727272727
-2.70588235294
-0.45
-2.42857142857
0.0
-0.411764705882
0.0
0.40243902439
0.454545454545
0.0
0.0
0.8
1.2
-7.56813417191
-0.897435897436
-2.40740740741
-4.93333333333
0.0
0.0
0.0
0.0
0.0
-0.380952380952
-0.416666666667
0.0
3.53333333333
0.0
0.677966101695
0.0
0.631578947368
-0.451612903226
1.0
0.0
0.535714285714
-0.08303279376
0.0
-0.521739130435
0.0
0.333333333333
1.11111111111
-1.0
0.0
-1.90476190476
-0.581395348837
-3.77777777778
0.0
0.0
0.0
3.03571428571
1.64835164835
-0.384615384615
-1.76
0.833333333333
0.0
-0.583333333333
0.0
0.0
0.153846153846
0.322580645161
0.285714285714
7.4
0.0
0.0
0.0
0.721649484536
0.352941176471
-2.42857142857
0.0
-1.04761904762
0.0377358490566
0.0
0.153846153846
-2.44897959184
0.510204081633
-0.344827586207
0.0
0.0
0.0
-0.625
0.208333333333
-1.30434782609
0.0
0.117647058824
0.0
0.0
-0.538461538462
0.357142857143
0.212765957447
0.755597014925
0.0
0.0
-1.2
-1.66666666667
-0.361904761905
0.923076923077
0.0
0.0
-0.307692307692
0.0
0.294117647059
0.47619047619
0.0
-0.181818181818
-0.4375
-1.06666666667
0.0
-1.0
1.55555555556
0.8
-1.61538461538
-4.25
-0.294117647059
0.243902439024
0.176923076923
0.0
-0.462962962963
0.0
-1.0
-0.125
0.0
0.0
0.0
-1.2380952381
0.152284263959
0.0632911392405
0.0
-0.484581497797
-1.95530726257
0.0
1.08173076923
0.0
1.17647058824
2.28571428571
0.981818181818
0.545454545455
0.0
0.243902439024
0.0
0.0
0.0
4.28571428571
0.0
0.25641025641
3.46153846154
0.0
0.208333333333
0.555555555556
0.782608695652
-0.272727272727
-0.10989010989
0.387096774194
0.0
0.0
0.388888888889
0.0
0.0
0.0
2.8125
-5.27777777778
0.2
-0.624995
-0.277777777778
-1.00934579439
-2.0
1.35416666667
0.0
-0.588235294118
-2.5
-0.119047619048
0.20253164557
0.0
0.467289719626
0.5
5.65217391304
0.48
-0.352941176471
0.0
0.0952380952381
-3.8
0.0
-0.521739130435
-0.747663551402
0.0
-0.43795620438
-1.53846153846
-1.24444444444
-0.227272727273
-20.7333333333
2.97872340426
-0.2
-1.020875
0.0
-0.384615384615
0.814814814815
4.21052631579
-0.335570469799
-3.5
-0.852941176471
0.535714285714
-0.666666666667
-0.740740740741
-7.28484848485
1.66666666667
0.769230769231
5.41666666667
0.0833333333333
0.333333333333
0.181818181818
-1.23076923077
-1.08108108108
-1.20689655172
0.375
2.95652173913
0.888888888889
0.0
0.697674418605
0.0
0.2
0.0
0.47619047619
-0.4
0.0
0.666666666667
0.588235294118
0.181818181818
0.0769230769231
-0.549450549451
0.0740740740741
0.0
-0.142857142857
0.3125
0.1875
0.174418604651
0.0
-1.07692307692
0.0
2.3623853211
0.0
0.153846153846
-0.458333333333
-0.147058823529
-0.117647058824
0.756756756757
-0.610169491525
0.697674418605
0.0
0.0357142857143
0.0
-3.77777777778
-0.683333333333
0.375
0.571428571429
0.0
0.652173913043
0.357142857143
0.0
-0.228571428571
0.0
-0.414201183432
0.0
-0.214285714286
0.0
-0.645161290323
-1.34831460674
0.24
0.0
0.645161290323
0.0
0.0
-0.171428571429
0.214285714286
0.0
0.0531914893617
0.0
-0.4
-0.636363636364
0.0
0.0
0.0689655172414
0.16
0.117647058824
0.0
-0.375
-0.869565217391
-1.06666666667
0.0
0.25
-0.384615384615
0.0
1.04761904762
-2.6
0.555555555556
0.102564102564
0.0
-1.00313043478
0.302013422819
-0.717391304348
-0.204081632653
0.0
0.694444444444
-0.631578947368
0.0
-0.20202020202
0.0
-0.141342756184
0.0
0.5
0.253164556962
0.448275862069
-0.854700854701
1.46341463415
-0.555555555556
-0.103092783505
-0.666666666667
0.0
0.0
0.0
-0.857142857143
0.4408
0.342465753425
0.85
0.0
-0.457142857143
0.121212121212
0.0
-1.93548387097
0.740740740741
0.5
0.0
0.384615384615
0.208333333333
-0.845070422535
0.0714285714286
-0.921985815603
0.0714285714286
0.0
-0.609756097561
0.0
0.0
0.833333333333
0.481927710843
0.0
0.0
0.133333333333
0.105263157895
0.0
0.294117647059
0.0
0.171428571429
-0.421052631579
0.229885057471
-0.0990099009901
-0.2
0.142630744849
-0.243902439024
-0.961538461538
-0.666666666667
-0.192307692308
0.0
-0.612244897959
0.0
0.0
0.0
-0.263157894737
0.0
-0.347826086957
0.0
2.5
0.0
-0.15625
0.0
0.0
0.0
-0.444444444444
0.0
-2.88888888889
0.0
0.571428571429
0.0
-0.434782608696
0.0
0.0
0.212765957447
-0.3125
0.34188034188
-0.965517241379
0.166666666667
-2.0
6.33548387097
-0.949367088608
0.0
1.57142857143
1.59090909091
-0.0662251655629
1.68
0.0
-0.142857142857
-0.666666666667
0.0
0.714285714286
-0.08
-0.42328042328
0.24
0.0
-0.617283950617
1.56976744186
0.586206896552
0.0
0.0
0.0
-0.8
0.0
-2.10526315789
0.630136986301
0.0
0.0
0.0
0.0
0.0518134715026
0.426356589147
-0.5
-0.784134615385
0.230769230769
6.07142857143
0.0
2.49090909091
-0.138888888889
0.736842105263
0.0
0.0
0.0
0.131578947368
0.611111111111
-1.2972972973
0.0
-2.19047619048
2.83950617284
1.48
-0.166666666667
0.523636363636
5.5
0.0
0.0
0.0
0.346153846154
-0.25
0.153846153846
-2.28571428571
-0.984848484848
0.0
-0.454545454545
0.597014925373
0.0
0.0
-0.153846153846
1.11111111111
-1.93548387097
-1.75384615385
-1.39534883721
-0.25974025974
0.421052631579
-0.961538461538
0.0
-1.69230769231
-0.656934306569
0.0
0.810810810811
0.454545454545
-0.421052631579
-0.445859872611
0.0
2.78571428571
0.714285714286
-1.66666666667
-0.111111111111
-0.318181818182
0.350877192982
-0.0142857142857
-0.0909090909091
0.0769230769231
-0.125
-0.560747663551
-0.0869565217391
0.702702702703
0.917431192661
-2.0487804878
-0.131069609508
-0.222222222222
-0.222222222222
0.0
1.18421052632
0.0
0.888888888889
0.0
0.0
0.461538461538
-0.625
0.777777777778
0.0
-0.5
0.152284263959
-0.869565217391
-0.5
-0.277777777778
0.0
-0.5
0.666666666667
0.0
0.212765957447
0.133333333333
-0.285714285714
-0.25
-0.533333333333
-2.64705882353
0.0
0.0
0.961538461538
0.0
-0.779220779221
-0.189872151899
-0.578947368421
0.08
-1.42857142857
0.0
-0.338983050847
0.0
0.0666666666667
0.133333333333
0.0
4.23529411765
0.0
-0.2125
1.04166666667
1.26666666667
0.0
0.0
0.140845070423
0.833333333333
-2.21052631579
-0.111111111111
-1.22448979592
-0.0609756097561
0.242424242424
0.9375
-0.869565217391
-0.25
-2.90322580645
1.38888888889
0.95652173913
1.67857142857
0.0
0.0
-6.82692307692
0.41095890411
0.950920245399
1.31578947368
0.0
-0.285714285714
0.0694444444444
0.242424242424
0.0
2.08333333333
-0.296296296296
-1.38888888889
0.0
-0.296296296296
-4.0
0.411764705882
-0.642857142857
0.0
0.264900662252
0.0
0.909090909091
0.0625
-0.75
0.941176470588
-1.17647058824
0.0
-0.36036036036
-2.2
0.0
0.00666666666667
-1.66666666667
0.0
0.0
-4.26086956522
0.0
0.545454545455
0.0
0.0
-0.46992481203
-0.0909090909091
0.0
0.0
0.340909090909
0.0
0.0
0.615384615385
4.55555555556
-0.372881355932
0.0
0.0
1.13043478261
-1.87234042553
0.0
0.0
0.0
0.0
-0.975609756098
0.392156862745
-0.740740740741
-1.25
1.63265306122
0.0
0.0
0.0
0.0
0.0
0.416666666667
0.636363636364
1.15789473684
0.592105263158
0.266666666667
-4.90740740741
-0.625
-0.444444444444
1.42857142857
-2.40816326531
0.41095890411
0.470588235294
0.571428571429
0.0
0.740740740741
0.0
0.0
0.769230769231
0.0
1.79487179487
0.0
0.0
2.34482758621
0.0
-0.0740740740741
-2.22222222222
-0.25
0.0
-6.23076923077
0.0769230769231
0.30303030303
0.0
6.8
0.0
0.0
0.241176470588
-0.0740131578947
0.0
0.0
0.588235294118
-0.117924528302
4.0
-0.204081632653
0.0
-0.166666666667
-0.0909090909091
0.294117647059
0.481927710843
-0.31007751938
-0.0433821723827
2.60869565217
0.769230769231
0.4
0.0
0.384615384615
0.461538461538
-2.0
-0.625
0.0
0.190476190476
0.0
0.0
-0.117647058824
0.285714285714
2.42424242424
-0.222222222222
0.0263157894737
0.206896551724
0.0
-0.142857142857
0.0
0.0
0.0
0.0
0.0
0.0
0.133333333333
0.0
-0.3125
-0.666666666667
0.689655172414
-0.681818181818
0.384615384615
-1.09090909091
0.0
0.0
0.24
0.571428571429
-0.609756097561
-0.416666666667
0.0
-0.4
0.0
0.296296296296
-0.4
1.51260504202
0.47619047619
1.85185185185
0.938775510204
0.5
0.0
2.18181818182
-0.777777777778
-0.285714285714
-0.554245283019
0.0
1.25
0.569105691057
-2.02352941176
-4.09090909091
0.0
0.0
0.774193548387
0.0
1.0
-1.2
0.789473684211
0.555555555556
1.63043478261
-1.68181818182
2.54237288136
-0.368271954674
-2.09302325581
-0.519480519481
-1.33333333333
0.0
0.0
-0.833333333333
-0.923076923077
0.0
-1.5625
1.39784946237
0.0666666666667
0.0
2.57575757576
-0.117647058824
0.0
0.0
-0.315789473684
-0.173913043478
0.285714285714
-0.192307692308
0.0
0.0
0.0
0.333333333333
14.0909090909
0.136363636364
-1.22222222222
-0.512820512821
1.64516129032
2.71428571429
0.0
0.0
0.172413793103
-0.4
0.235294117647
-1.27777777778
0.266666666667
0.547945205479
0.0
0.0
0.0
-0.882352941176
0.689655172414
0.0
3.84615384615
-0.666666666667
-1.2
0.0
-0.235294117647
0.0
-0.722891566265
1.07142857143
-0.277777777778
-1.06382978723
0.0
0.0
-0.875
0.342465753425
0.0
0.0
5.08771929825
0.0
-0.744680851064
0.0
-0.735294117647
0.0
0.0
0.576271186441
0.0
-0.347826086957
-0.111111111111
0.0
0.125
0.0
1.125
4.4061302682
0.0
2.0
-0.625
0.15625
0.0540540540541
-0.714285714286
0.0740740740741
0.52380952381
2.60869565217
0.0
-1.15151515152
0.0
0.0
0.0
0.111111111111
0.0
-0.307219662058
-0.212765957447
2.0
-1.22807017544
0.0
-0.316129032258
0.0
-1.32307692308
0.0
0.142857142857
3.38461538462
-0.409638554217
-0.2
0.0
-0.0687285223368
-0.0666666666667
-0.677083333333
0.0
-0.5
-0.27027027027
1.29411764706
0.0
0.0
0.0
1.80693069307
0.0
2.30769230769
0.133333333333
1.36363636364
0.0
0.212765957447
0.0
0.0
3.14285714286
0.0
0.0
-0.3125
0.0
6.66666666667
1.0
-0.185185185185
0.0
0.0
0.0
0.0
0.666666666667
-0.526315789474
-2.03703703704
0.0
-2.27272727273
-0.444444444444
1.03448275862
0.0
0.0
0.266666666667
0.470588235294
1.17647058824
-1.42222222222
0.0
0.903225806452
-1.03734439834
0.307692307692
0.0925925925926
-0.352112676056
-1.0
0.212765957447
0.0
-0.918367346939
0.133333333333
-2.61538461538
1.73076923077
-0.530303030303
3.0985915493
-0.2384
-2.63157894737
-0.133333333333
0.0
0.208333333333
-0.4
0.0
0.0
0.111111111111
0.104166666667
-4.6
-0.592852716381
0.0
-1.35135135135
0.526315789474
0.0
-0.672268907563
-0.909090909091
-0.701913043478
0.0
0.0
-0.333333333333
6.83333333333
-0.571428571429
0.37037037037
0.0645161290323
-0.783582089552
-1.0
0.117647058824
1.14285714286
0.0
1.39705882353
0.0
2.69230769231
-0.285714285714
-0.208333333333
-0.461538461538
-1.11111111111
0.123456790123
-0.184331797235
0.0
0.0
0.666666666667
0.0
1.72413793103
0.766666666667
-0.204081632653
0.384615384615
-0.933333333333
0.0
0.0
0.0
0.352941176471
-1.04347826087
1.16788321168
-0.777777777778
0.0
-0.363636363636
0.0
2.0
0.0
-1.76470588235
0.0
0.0
0.157068062827
-0.48
0.25
0.0588235294118
0.0
1.55555555556
0.0
0.0847457627119
1.94736842105
0.0
-0.12
-0.4
1.375
1.2
2.82352941176
-0.210526315789
0.0
-0.195454545455
0.0
-0.0434782608696
0.0
0.537634408602
-0.612244897959
1.05882352941
0.333333333333
0.869565217391
0.0
0.49504950495
0.0
0.0
0.0
-0.117647058824
0.0
0.576923076923
0.0
3.53333333333
-0.217391304348
-3.18965517241
0.0
0.1875
-1.03448275862
-1.0
0.0
44.2857142857
0.0
0.0
0.0
0.25
1.5037593985
1.1320754717
0.0
0.326086956522
0.421052631579
1.66666666667
0.0714285714286
0.0
0.0
0.515463917526
0.0
0.0
0.5
0.0
1.49253731343
0.0740740740741
1.66666666667
-1.0
0.0
-0.2
-0.611764705882
-0.921052631579
0.0
0.769230769231
0.0
0.0
0.444444444444
-0.6
0.0
0.0
0.5
0.0
-0.153645833333
0.0
-0.533333333333
-0.221238938053
0.0
0.3125
-1.47826086957
-0.222222222222
0.0
-0.253807106599
1.60714285714
0.869565217391
-3.10526315789
15.8333333333
-1.15384615385
-0.826446280992
-2.88888888889
-2.25
-0.7
-0.344827586207
1.08527131783
-0.833333333333
-3.75
0.0
-3.58823529412
0.0
0.0
0.0
0.0869565217391
0.0
-0.54347826087
0.0
0.0
0.0
0.0
0.0
-0.526315789474
0.203045685279
0.266666666667
-0.833333333333
0.0
0.0
0.0806451612903
0.235294117647
-0.666666666667
0.0990099009901
0.243902439024
0.0
0.0
0.0
0.5
0.888888888889
-0.0597430231607
-4.20634920635
0.0
0.145454545455
0.0
-0.384615384615
-7.5
-0.222222222222
-0.260869565217
9.29411764706
0.0769230769231
-1.64383561644
0.380952380952
0.941176470588
-0.0769230769231
0.0
0.0108108108108
1.06666666667
0.0
0.0
0.275758335422
0.0714285714286
0.307692307692
-0.140845070423
0.272727272727
0.666666666667
0.0
0.352941176471
-0.615384615385
2.90322580645
-1.14285714286
1.775
0.857142857143
0.0518134715026
1.30952380952
-0.47619047619
0.405405405405
-0.294117647059
0.0740740740741
2.4
-0.860215053763
1.27272727273
-0.16
0.0
0.0
0.0
0.322580645161
0.0
0.0
-0.03
1.49659863946
-0.5
-0.215053763441
-0.311526479751
-3.28947368421
-1.07692307692
0.75
-0.470588235294
-0.472262773723
-0.666666666667
0.731707317073
-0.0666666666667
-0.526315789474
0.100518806744
0.222222222222
-0.08
0.428571428571
1.69047619048
0.0
0.0
-0.5
0.0
0.0
0.377358490566
0.375
0.0
0.166666666667
0.0
0.0
-1.36170212766
-0.12987012987
-0.416666666667
0.142857142857
0.858267716535
-1.26086956522
-0.858585858586
0.0
0.0
0.0
-0.15
-0.666666666667
0.0
0.0
0.185185185185
0.2
-0.117647058824
0.218579234973
-0.137931034483
-0.104166666667
0.175438596491
0.923076923077
0.182926829268
0.0
-0.360869565217
-6.90721649485
-0.43795620438
0.0
-1.63636363636
-0.507936507937
-0.296296296296
-0.740740740741
0.0
4.4
1.6
0.0
-0.188679245283
0.140845070423
0.0
0.0
-5.39682539683
0.0
-0.2
1.17647058824
-0.915032679739
0.30612244898
0.0
-0.0769230769231
0.0
0.0
0.0
-1.21774193548
-0.190476190476
0.0
0.555555555556
1.225
0.277777777778
-0.352941176471
-0.125
-1.78378378378
0.692307692308
0.058651026393
3.38888888889
2.25806451613
0.357142857143
0.142857142857
-0.6
0.0
-0.5413
-0.754257907543
0.102040816327
-5.41666666667
-0.0787401574803
-0.0425531914894
0.309278350515
0.0
-2.54545454545
1.69565217391
0.111111111111
-1.75
0.05
0.0
2.3
0.0
0.0
0.434782608696
0.0
-0.702702702703
0.0
0.769230769231
5.35714285714
-1.6
1600 1632
