-1.1724137931
0.970873786408
-1.41935483871
0.0
-0.352941176471
1.33333333333
0.0
1.48148148148
0.229885057471
-1.17647058824
-0.782608695652
-0.243902439024
0.193548387097
0.0
-0.727272727273
0.596026490066
-0.212765957447
2.71739130435
1.25
0.0
-0.352941176471
-8.15384615385
1.8
-5.71428571429
0.178571428571
3.61111111111
0.0
4.48275862069
0.0
0.285714285714
0.0
0.0
0.0684931506849
-0.555555555556
0.0
-2.30769230769
-1.01123595506
0.0
0.0
-0.459770114943
0.0
0.0
0.0
-0.514285714286
-1.4358974359
1.15740740741
-0.0658333333333
-0.64
0.0
0.0
-0.470588235294
1.25
-0.322580645161
-1.22448979592
-1.14285714286
-1.73913043478
0.810810810811
0.0
-0.4
3.33333333333
2.0
0.177777777778
-2.0
0.0
0.0
-0.387323943662
0.0
-0.757575757576
0.0606060606061
6.57142857143
2.8
-0.37037037037
1.0
-1.53333333333
1.27272727273
-1.0
-18.8888888889
0.5
0.0
0.08
1.26373626374
0.0
-0.516795865633
0.666666666667
-0.351515151515
-0.0909090909091
0.0
-1.25
-9.32307692308
-1.11428571429
0.0
1.125
1.32075471698
-2.22222222222
0.20325203252
0.2
0.0
0.0
0.0
-0.588235294118
0.9
0.0
-0.133333333333
0.47619047619
0.0
0.0
1.25
0.571428571429
-0.666666666667
0.769230769231
2.5
0.0
0.0
3.33333333333
0.0
1.11111111111
9.25151092515
0.277777777778
1.51724137931
-0.507692307692
-0.582524271845
0.720338983051
-1.16666666667
0.0
2.33333333333
0.512820512821
-9.0
-1.32352941176
-0.128205128205
0.0
-12.7173913043
0.0
0.0
0.909090909091
-0.444444444444
-0.121951219512
-0.769230769231
1.12903225806
-1.25
0.0
3.71428571429
0.0
0.185185185185
-1.14942528736
2.0
-0.9375
-1.0
1.33333333333
0.0
-1.41509433962
-0.0769230769231
0.0
0.0
0.473684210526
1.28
1.11111111111
1.0
0.0392156862745
-1.17647058824
-0.130434782609
-0.93023255814
-1.1
-0.967346938776
-6.47058823529
-1.0
0.0
-0.695833333333
-0.454545454545
-0.307692307692
0.0
-1.11111111111
0.37037037037
0.571428571429
-0.0689655172414
0.833333333333
1.0
0.0
-1.0
0.889235569423
-1.09375
-0.37037037037
0.6
0.377358490566
-1.8
-0.363636363636
-2.71428571429
0.0588235294118
9.6
1.53333333333
-0.412371134021
-2.0
0.222222222222
0.633333333333
-0.416666666667
0.0
4.04255319149
-0.0129032258065
-0.49504950495
2.45614035088
0.105263157895
-2.33333333333
2.4
0.0
0.588235294118
2.04081632653
-1.0
-0.352941176471
0.0666666666667
0.0
0.0
-0.740740740741
-0.714285714286
-0.241935483871
1.46153846154
-2.75
0.5
0.0
0.0
0.0
0.0
-0.714285714286
0.0
0.0
1.44444444444
0.133333333333
0.0
0.0
-3.77272727273
-0.285714285714
0.0
3.1746031746
1.74418604651
0.551724137931
-0.4
-0.388888888889
3.49397590361
1.25
-1.14285714286
0.0
0.0
-3.14285714286
0.0689655172414
-0.30303030303
-1.29411764706
-0.0789473684211
-3.44827586207
0.0
-1.71428571429
5.18518518519
0.0
0.933333333333
0.0
-0.857142857143
2.61194029851
-0.30303030303
0.0
0.416666666667
-0.340909090909
0.27027027027
0.769230769231
0.0
0.0
-0.629370629371
0.0
-1.02941176471
0.0
0.0
-1.03773584906
-4.25925925926
-0.657894736842
-0.7
0.266666666667
1.13333333333
0.2
0.92
0.2
0.0
-0.12380952381
0.212765957447
0.933333333333
-1.17647058824
0.714285714286
0.571428571429
0.0
-0.375
-0.707070707071
2.0
-2.16666666667
1.13636363636
-0.577777777778
0.454545454545
0.46511627907
0.0
-0.434782608696
0.0
0.0
5.61643835616
-0.25
2.66666666667
2.4
1.34615384615
-1.28571428571
0.0
-0.95652173913
1.66666666667
1.90476190476
-1.27272727273
-0.526315789474
3.67346938776
-1.11111111111
0.0
0.952380952381
0.666666666667
-3.19444444444
-3.38461538462
0.101694915254
-0.16
0.7
-0.0452488687783
-2.82608695652
-0.296296296296
0.153846153846
-0.740740740741
0.347826086957
0.0
0.363636363636
0.972222222222
-1.76767676768
-2.21875
0.0
-0.701754385965
-7.20588235294
0.777777777778
0.1875
0.909090909091
1.25
0.0190476190476
0.0
2.83846153846
0.0363636363636
-1.56363636364
-1.61904761905
0.190476190476
0.0
-2.63157894737
1.79310344828
0.727272727273
-2.09459459459
0.577777777778
-0.5
0.0
1.0
-0.333333333333
0.652173913043
0.363636363636
0.194174757282
0.111111111111
0.0
0.0
1.19565217391
-0.272727272727
-3.88235294118
0.87
1.0
0.4
-0.352941176471
0.0
0.390243902439
0.909090909091
-0.0699300699301
1.2
0.533333333333
-4.4
0.62893081761
-2.05128205128
-0.925925925926
-2.56666666667
0.0
0.0
-0.285714285714
0.0
0.789473684211
2.38095238095
1.04166666667
0.0
3.88888888889
0.0
0.254237288136
-0.285714285714
0.0
2.25806451613
0.166666666667
0.0
0.392857142857
0.00167743017697
0.0
-0.434782608696
0.0
1.0
1.74603174603
1.52
0.0
2.14285714286
-0.232558139535
-4.44444444444
-0.294117647059
-0.666666666667
-0.526315789474
0.892857142857
-0.549450549451
-0.25641025641
-15.2
0.833333333333
0.0
-0.416666666667
0.0
-0.206896551724
0.615384615385
0.161290322581
0.952380952381
-1.0
-0.375
0.0
-0.625
0.309278350515
-0.470588235294
1.0
2.5
-0.666666666667
-0.830188679245
0.646153846154
1.69230769231
0.581632653061
1.63265306122
-0.344827586207
-0.666666666667
0.230769230769
0.0
0.0
2.08333333333
-0.652173913043
0.0
0.941176470588
0.0
0.0
1.23076923077
-1.78571428571
0.0
0.401119402985
0.0
0.0
-0.866666666667
-0.916666666667
-0.857142857143
1.07692307692
0.0
0.0
1.38461538462
0.0
0.0
0.0952380952381
0.333333333333
-0.0909090909091
-0.8125
1.06666666667
0.181818181818
-2.4347826087
1.33333333333
0.533333333333
-0.153846153846
6.0
-1.32352941176
-0.609756097561
-0.384615384615
0.0
-2.40740740741
0.0
1.4
-0.125
-1.51515151515
0.0
0.0
0.0
0.507614213198
0.205696202532
-0.0714285714286
0.0881057268722
5.21415270019
0.0
2.98076923077
0.0
-1.23529411765
0.857142857143
-0.218181818182
0.0
0.0
1.9512195122
0.0
0.133333333333
0.0
-0.714285714286
0.454545454545
0.512820512821
-2.69230769231
0.0
2.08333333333
-0.37037037037
2.4347826087
-0.454545454545
-0.43956043956
0.322580645161
0.0
0.315789473684
1.61111111111
0.0
-1.36
0.0
-6.25
-9.72222222222
0.2
0.3125
-2.11111111111
1.4953271028
-3.07692307692
3.33333333333
-0.0787401574803
-0.470588235294
12.04
-0.687830687831
3.49367088608
0.0
-0.644859813084
0.142857142857
8.69565217391
-0.85
-0.176470588235
0.0
-0.75
0.6
-0.555555555556
0.391304347826
0.560747663551
0.0
-0.21897810219
6.53846153846
-3.86666666667
2.27272727273
4.20000066667
1.27659574468
-0.4
-2.375
1.66666666667
-2.30769230769
-0.296296296296
1.31578947368
0.268456375839
2.0
-1.07352941176
-1.78571428571
0.0888888888889
-1.11111111111
-28.0
-0.166666666667
0.153846153846
-4.59166666667
-0.75
2.22222222222
5.0
1.69230769231
-0.527027027027
-0.344827586207
-2.375
4.5652173913
-0.555555555556
-0.25
-0.813953488372
0.0
-0.6
-0.157894736842
1.42857142857
1.2
0.0
1.0
1.35294117647
1.41818181818
-0.384615384615
2.74725274725
-0.888888888889
0.0
-0.428571428571
-0.375
0.25
-0.523255813953
0.0
1.23076923077
-0.243902439024
0.917431192661
0.0
0.0
3.125
1.47058823529
-0.117647058824
0.432432432432
0.0
0.46511627907
0.0
0.357142857143
0.0
0.962962962963
0.466666666667
-1.0
-0.571428571429
-0.416666666667
-0.695652173913
1.96428571429
-0.206896551724
-2.68571428571
0.0666666666667
0.355029585799
0.1
-1.71428571429
0.0
-0.387096774194
0.0
0.0
0.0
-0.322580645161
0.0
0.342857142857
0.457142857143
0.857142857143
0.0
-0.744680851064
-0.333333333333
0.6
0.0
-1.25
0.230769230769
0.344827586207
-0.056
0.0
0.13986013986
-1.375
0.0155279503106
1.86666666667
-0.5
0.25
-0.192307692308
0.0
0.857142857143
-8.5
0.222222222222
-0.512820512821
0.0
-0.765217391304
1.24161073826
-1.08695652174
-0.612244897959
0.0
-0.416666666667
1.89473684211
-0.407142857143
0.606060606061
-0.117647058824
-3.56890459364
0.0
0.375
0.0
-0.862068965517
-2.13675213675
2.19512195122
-0.444444444444
-0.0515463917526
-2.66666666667
0.0
0.0
1.63636363636
0.428571428571
-0.8
-0.479452054795
0.908333333333
0.0
-0.285714285714
-0.0606060606061
0.512820512821
-2.58064516129
1.85185185185
0.0
0.0
0.961538461538
-0.416666666667
-0.704225352113
-0.0357142857143
3.6170212766
1.71428571429
0.0
0.243902439024
0.0
0.0
1.38888888889
2.22891566265
0.0
0.0
0.0
0.105263157895
0.111111111111
0.0
-1.19047619048
0.4
0.368421052632
0.459770114943
0.0990099009901
0.0
-0.126782884311
-0.853658536585
-2.34615384615
0.666666666667
-2.30769230769
-0.243902439024
0.204081632653
0.111111111111
0.0
-0.4
0.723684210526
-0.0444444444444
4.17391304348
0.833333333333
5.66666666667
-0.133333333333
-1.484375
0.0
0.0
0.0
0.222222222222
0.105263157895
-3.88888888889
-0.277777777778
0.714285714286
0.0
-0.978260869565
0.0
0.0
0.106382978723
0.520833333333
-1.53846153846
0.48275862069
-0.399166666667
0.6
13.4193548387
-0.177215189873
-0.659340659341
-3.28571428571
1.02272727273
-0.596026490066
0.96
-0.277777777778
1.28571428571
-1.18181818182
0.430107526882
-0.190476190476
0.08
1.0582010582
0.0
0.806451612903
0.246913580247
0.0
1.72413793103
0.0
0.333333333333
-0.892857142857
-1.2
0.0
0.263157894737
-0.849315068493
0.375
0.0
0.0
-0.117647058824
-0.0518134715026
-0.852713178295
-0.5
0.288461538462
0.307692307692
-2.64285714286
0.0
3.4
-0.277777777778
1.05263157895
0.0
0.0
0.0
1.05263157895
-0.333333333333
-0.594594594595
0.0
2.28571428571
3.64197530864
2.04
-0.0833333333333
12.7272727273
28.35
0.0
0.0
-0.181818181818
-0.230769230769
0.75
0.512820512821
0.285714285714
0.227272727273
-0.368421052632
-1.0
-2.08955223881
-0.625
0.0704225352113
0.153846153846
3.61111111111
-1.37096774194
-2.0
-0.813953488372
0.12987012987
0.315789473684
1.60256410256
0.0
2.61538461538
0.583941605839
0.0
-1.62162162162
0.0
-0.105263157895
-0.668789808917
0.0
1.14285714286
4.64285714286
4.81481481481
-0.777777777778
0.636363636364
-1.9298245614
4.85714285714
-0.0909090909091
4.07692307692
0.0
0.654205607477
1.21739130435
0.810810810811
3.11926605505
0.292682926829
0.140577249576
0.444444444444
-0.444444444444
0.0
0.526315789474
0.0
-0.222222222222
0.0
-0.6
-0.307692307692
-3.81944444444
-0.222222222222
0.0
3.25
-0.10152284264
-1.01449275362
0.5
-0.277777777778
-0.952380952381
-0.555555555556
0.416666666667
-0.190909090909
0.468085106383
-0.933333333333
0.0
-0.25
0.933333333333
10.2941176471
0.0
-0.210526315789
3.26923076923
0.0
3.11688311688
1.26582278009e-06
0.263157894737
0.16
-0.357142857143
-0.1875
-1.35593220339
0.0
-0.355555555556
1.86666666667
0.0
-0.235294117647
0.0
-0.563
-0.208333333333
2.4
0.666666666667
0.0
0.704225352113
0.416666666667
0.842105263158
-1.44444444444
0.69387755102
0.0
-0.606060606061
0.875
-1.15942028986
3.33333333333
-2.90322580645
2.08333333333
0.173913043478
-1.42857142857
0.0307692307692
0.0
-1.44230769231
1.30136986301
0.0
-0.964912280702
-0.344827586207
-0.285714285714
0.198412698413
1.87878787879
0.47619047619
4.375
2.0
0.555555555556
0.0
-0.444444444444
-1.66666666667
0.352941176471
0.357142857143
-0.30303030303
-3.90728476821
0.0
0.242424242424
0.5625
0.75
-2.17647058824
1.17647058824
0.13698630137
-0.27027027027
-1.96
0.0
0.02
-1.61111111111
0.0
0.0
0.869565217391
-0.235294117647
0.30303030303
-0.384615384615
-0.37037037037
0.444360902256
-0.181818181818
0.0
-0.37037037037
0.340909090909
-1.51515151515
-1.96428571429
1.30769230769
-5.26666666667
0.474576271186
0.0
-5.31914893617
0.95652173913
-0.627659574468
0.0
-0.0649350649351
0.0666666666667
0.0
-2.19512195122
0.588235294118
1.85185185185
-2.3125
1.63265306122
0.0
0.0
0.0
0.0
0.0
0.125
0.681818181818
1.15789473684
0.598684210526
-0.8
-7.40740740741
-2.03125
9.11111111111
1.92063492063
-0.489795918367
0.547945205479
0.176470588235
0.428571428571
0.0
1.77777777778
0.0
0.0
1.66666666667
0.0
1.28205128205
0.0
0.0
-0.0689655172414
0.0
-0.148148148148
-1.38888888889
0.25
-0.545454545455
0.0
0.953846153846
1.39393939394
0.0
6.4
0.0
0.0
2.17647058824
0.378289473684
0.0
0.0
1.17647058824
-0.566037735849
6.85714285714
-0.255102040816
0.0
0.0
-0.0909090909091
-0.882352941176
-0.722891566265
-1.00775193798
-0.0171891626422
0.434782608696
0.461538461538
-0.45
0.0
0.21978021978
0.615384615385
-1.76
-0.75
-1.05263157895
0.380952380952
0.0
0.27027027027
0.117647058824
-1.71428571429
1.36363636364
0.0
-0.368421052632
-0.206896551724
0.3125
0.0
2.17391304348
0.0
0.0
0.0
1.5
0.0
0.4
0.0
0.3125
1.86666666667
0.689655172414
-1.06060606061
-0.769230769231
1.81818181818
0.0
0.0
0.0
-0.142857142857
-0.609756097561
-0.0291666666667
0.0952380952381
-1.0
0.764331210191
0.888888888889
1.6
0.828331332533
0.47619047619
6.66666666667
-2.65306122449
0.0714285714286
0.0
8.09090909091
-0.555555555556
-0.571428571429
-1.40330188679
0.0
-0.625
-2.0325203252
-3.08235294118
-5.0
0.0
-0.24
3.08064516129
0.0
1.05
2.13333333333
0.526315789474
0.555555555556
5.63043478261
-0.318181818182
1.86440677966
-0.821529745042
-1.16279069767
-0.779220779221
-0.333333333333
1.875
0.0
-1.80952380952
-1.07692307692
0.0
-2.03125
2.15053763441
1.66666666667
0.0
1.36363636364
-0.117647058824
0.0
-0.363636363636
-0.684210526316
-0.782608695652
0.285714285714
-1.12307692308
-0.571428571429
0.0
0.546875
0.0
23.1818181818
0.227272727273
-7.33333333333
-0.512820512821
2.74193548387
2.71428571429
0.0
0.0
0.0574712643678
-2.53333333333
0.0
-1.94444444444
0.466666666667
1.64383561644
0.0
0.0
-0.149253731343
0.264705882353
-1.03448275862
0.0
0.461538461538
1.85185185185
-0.693333333333
0.20618556701
-0.705882352941
0.0
-1.20481927711
0.765306122449
-0.277777777778
-0.425531914894
-0.774193548387
0.0
-0.5
0.342465753425
0.0
0.0
-1.57894736842
0.0
0.31914893617
0.0
-0.147058823529
0.0
0.0
1.22033898305
0.0
-0.130434782609
-0.666666666667
0.0
-0.0625
0.0
-1.5
3.44827586207
0.0
-4.0
0.125
-0.46875
0.0
-0.933035714286
0.148148148148
0.857142857143
1.73913043478
0.0
-1.69696969697
0.0
0.0
0.0
-0.444444444444
0.0
-0.307219662058
-0.0425531914894
-1.4
0.0
0.0
-0.225806451613
0.0
1.78461538462
0.0
1.64285714286
-3.84615384615
-2.53012048193
0.0
-0.571428571429
0.0687285223368
0.0
0.572916666667
0.391304347826
0.555555555556
0.324324324324
0.411764705882
0.0
0.0
0.0
0.160891089109
0.0
0.769230769231
0.266666666667
-1.81818181818
0.0
-2.48936170213
-0.571428571429
0.0
-0.285714285714
0.0
1.0
0.4375
-0.294117647059
-6.0
2.375
-1.66666666667
0.378787878788
0.0
-0.116279069767
0.0
0.336666666667
-0.421052631579
-1.48148148148
-0.307692307692
1.45454545455
-0.666666666667
12.9137931034
0.0
0.0
0.266666666667
1.05882352941
0.294117647059
-0.0888888888889
0.0
-0.322580645161
-4.66804979253
0.820512820513
0.185185185185
-0.140845070423
0.0
1.70212765957
0.0
-0.102040816327
0.266666666667
4.30769230769
6.34615384615
-0.505050505051
-3.66197183099
-1.36
-2.36842105263
0.0
-0.123456790123
0.104166666667
0.6
0.0
0.4
-0.111111111111
-0.0520833333333
-7.8
0.547407560421
-0.727272727273
-0.540540540541
-0.789473684211
0.0
-0.924369747899
1.81818181818
-0.495652173913
0.0
0.0
0.222222222222
3.33333333333
-1.21428571429
1.11111111111
-0.091935483871
-0.44776119403
-0.1875
0.0
2.57142857143
-0.363636363636
1.69117647059
0.0
7.30769230769
-0.285714285714
0.0
-0.461538461538
-0.222222222222
0.493827160494
-1.33640552995
0.0
0.0
1.16666666667
0.0
1.03448275862
0.166666666667
0.102040816327
0.384615384615
0.866666666667
0.0
0.0
0.0
1.47058823529
-1.71739130435
-0.729927007299
-0.944444444444
-0.114285714286
-0.909090909091
0.8
1.48333333333
0.0
-3.35294117647
2.11267605634
0.0
0.366492146597
1.82
1.4796875
-0.294117647059
0.0
-0.666666666667
0.0
0.169491525424
1.68421052632
0.0
-0.16
0.0
-0.1
-0.4
4.0
0.105263157895
0.545454545455
4.07727272727
0.0
-0.782608695652
0.416666666667
1.88172043011
1.83673469388
0.647058823529
-0.47619047619
1.21739130435
0.0
11.2211221122
0.0
-1.95
0.166666666667
0.117647058824
0.0980392156863
0.423076923077
0.277777777778
5.55555555556
1.26086956522
1.81034482759
0.0
0.125
0.344827586207
-0.952380952381
0.0
48.5714285714
-1.14285714286
0.8
0.516129032258
0.166666666667
-3.08270601504
1.88679245283
0.0
-0.304347826087
0.842105263158
10.8333333333
1.71428571429
0.0
0.0645161290323
-0.309278350515
0.0
0.0
-5.5
0.0
3.13432835821
-0.444444444444
-0.833333333333
0.0
-0.108695652174
0.4
-4.11764705882
-0.131578947368
1.11111111111
-0.615384615385
0.857142857143
0.0
-1.55554844444
0.3
0.909090909091
0.0
-0.5
-0.754716981132
1.71875
0.0
-0.6
0.0884955752212
0.222222222222
0.0
-0.869565217391
0.0
0.0
-0.558375634518
0.714285714286
0.869565217391
-6.57894736842
13.3333333333
-2.4358974359
-0.909090909091
-1.22222222222
-2.875
1.4
0.551724137931
0.581395348837
-1.11111111111
3.75
-0.363636363636
-0.882352941176
-0.555555555556
0.0
0.25641025641
0.0
-0.116279069767
-0.434782608696
0.0
0.0
0.0625
0.5
0.0
0.0
0.10152284264
0.266666666667
1.875
0.111111111111
0.0
-0.241935483871
1.52941176471
0.333333333333
2.47524752475
-0.365853658537
0.0
0.0
0.0
-0.958333333333
-0.222222222222
-0.0335543006793
-5.71428571429
0.0
0.618181818182
0.27027027027
-0.384615384615
-2.5
1.11111111111
-1.04347826087
-0.823529411765
-0.769230769231
-1.50684931507
0.0
0.0
0.461538461538
0.294117647059
-1.89189189189
3.97333333333
0.0
0.0
-1.21835046378
1.42857142857
0.0
0.422535211268
0.0
-0.333333333333
0.0
-0.470588235294
0.923076923077
1.8064516129
-0.571428571429
-0.275
1.0
-0.0518134715026
0.0
-0.190476190476
0.405405405405
0.147058823529
0.0740740740741
2.0
0.322580645161
0.145454545455
-0.32
0.0
0.0
0.0
-0.0129032258065
0.0
0.0
0.01
-1.2925170068
-1.0
-0.10752688172
-0.155763239875
-0.526315789474
2.61538461538
2.0
-1.41176470588
-0.872262773723
1.0
0.487804878049
1.06666666667
-0.578947368421
0.123216601816
0.0
0.44
0.428571428571
0.47619047619
0.0
0.0
2.33333333333
0.0
0.0
0.754716981132
-0.1875
0.0
0.316666666667
2.0
-1.94444444444
-0.63829787234
-1.12012987013
2.5
0.285714285714
-0.826771653543
-1.5
-1.0101010101
1.29032258065
0.0
0.15625
1.25
3.46666666667
0.0
0.266666666667
-0.432098148148
-0.171428571429
-0.823529411765
0.382513661202
-1.1724137931
0.208333333333
1.75438596491
1.69230769231
0.487804878049
0.0
-1.59420289855
-4.43298969072
-1.53284671533
0.0
-8.72727272727
1.33333333333
-0.37037037037
-1.11111111111
0.30303030303
2.48
3.8
0.0
0.377358490566
2.39436619718
0.0
0.0
-5.71428571429
0.0
-0.5
0.0
-0.78431372549
0.204081632653
0.0
-0.230769230769
-0.545454545455
-1.11538461538
-0.454545454545
-3.15322580645
0.0
-0.173913043478
0.833333333333
0.25
0.277777777778
0.294117647059
-0.875
-0.756756756757
-2.36923076923
1.93548387097
19.1111111111
1.61290322581
-0.357142857143
-0.142857142857
-0.6
0.0
0.0
4.50121654501
-0.204081632653
-5.0
-2.36220472441
-0.127659574468
2.26804123711
0.0
-2.18181818182
-0.95652173913
0.0
-1.33333333333
0.7
-0.171428571429
1.2
0.0
0.0
-0.489130434783
-0.588235294118
0.0540540540541
0.0
0.384615384615
3.92857142857
1.2
-0.307692307692
0.0
-2.16666666667
-1.39175257732
-0.675675675676
-0.178571428571
-0.727272727273
0.0724637681159
0.3125
1.03896103896
2.30769230769
0.0
0.0699300699301
2.0
0.873015873016
-0.102040816327
0.0571428571429
-2.60869565217
0.0
0.0
-1.05263157895
0.0
-0.545454545455
0.0
0.588235294118
0.628571428571
0.0
0.0
3.42857142857
-0.128205128205
5.07692307692
0.0
0.0
0.123456790123
-0.404838709677
7.33333333333
-0.133333333333
0.0
0.0
-0.714285714286
-1.84615384615
-1.20689655172
1.8
1.39130434783
-5.36363636364
-0.903225806452
-1.80555555556
-3.61538461538
-4.4
-1.57894736842
0.210526315789
0.0
0.0
2.29166666667
-4.58333333333
0.0
0.0
0.9375
-0.315789473684
0.810810810811
-0.140845070423
11.1428571429
-1.82608695652
-1.63636363636
1.6
0.0
-0.818181818182
0.0
-0.470588235294
-1.44444444444
-0.41095890411
1.38888888889
-2.98181818182
-3.93939393939
1.13333333333
0.681818181818
-0.689655172414
-0.466666666667
1.94444444444
3.70967741935
0.0
0.909090909091
0.0
-8.08219178082
-0.266666666667
0.0
-1.86046511628
2.17391304348
2.63157894737
-0.524193548387
-0.166666666667
-0.246153846154
0.178571428571
-0.363636363636
1.19047619048
-2.0
-0.47619047619
0.0
0.825396825397
0.0
0.358974358974
0.0
-30.3225806452
-0.105263157895
-1.64285714286
0.27397260274
0.0
0.5
-3.82183908046
0.0
-0.30303030303
0.971428571429
0.0
0.743801652893
0.5625
-0.833333333333
4.21052631579
0.657311669129
-3.64705882353
0.363636363636
1.24161073826
-0.133333333333
3.18518518519
-0.380952380952
0.978260869565
1.29032258065
-1.19047619048
-3.35483870968
0.133333333333
0.424242424242
-0.22358974359
-3.8961038961
-1.62790697674
2.0
0.434782608696
0.0
1.61290322581
0.0
0.0
0.25
3.33333333333
0.0
-0.142857142857
0.0
2.63888888889
0.275862068966
0.0
-1.41732283465
-0.37037037037
0.117647058824
-0.47619047619
-0.523076923077
0.0666666666667
0.0
1.39344262295
15.5555555556
0.0
-1.68674698795
-0.166666666667
0.222222222222
-7.28571428571
1.03448275862
-17.5
-0.466666666667
0.0
-1.37931034483
0.263157894737
0.0
0.0
0.0
0.678571428571
2.55319148936
-3.33333333333
-0.105263157895
-0.493827160494
-1.72727272727
1.71428571429
-3.52857142857
0.0
-0.373134328358
-6.8
-0.833333333333
0.0
-2.05714285714
0.0833333333333
1.21212121212
0.0
1.05263157895
0.0
-2.61904761905
0.0
-2.94871794872
0.551724137931
0.0588235294118
1.13333333333
-2.88461538462
0.217391304348
0.444444444444
-2.72727272727
-1.28571428571
1.32
-1.6
0.307692307692
0.0
0.0
-1.2676056338
-2.09523809524
-0.181818181818
-1.80555555556
0.0
-2.16666666667
1.70833333333
1.27272727273
-1.15853658537
0.0
0.65306122449
2.14285714286
0.185185185185
0.0
2.85714285714
0.0
-0.222222222222
0.755555555556
0.526315789474
0.0571428571429
-1.42857142857
0.0
-0.514705882353
0.0540540540541
0.463917525773
-0.0509554140127
0.0
-1.31578947368
0.0
0.422535211268
-0.737704918033
0.823529411765
0.181818181818
-2.05128205128
0.357142857143
0.3
-2.23076923077
0.0
0.0
-0.123456790123
0.0
0.192307692308
-3.70909090909
0.285714285714
-0.95652173913
2.73684210526
0.142857142857
-0.608695652174
0.0
1.65714285714
0.0
0.47619047619
-0.222222222222
0.789473684211
1.36363636364
-1.38888888889
-1.47058823529
1.51724137931
0.438095238095
0.0
0.0
-0.820895522388
0.673758865248
-3.27868852459
-0.906976744186
-5.0
-0.0909090909091
0.615384615385
-0.1261829653
1.21739130435
0.714285714286
-0.631578947368
2.57142857143
1.14285714286
0.0
0.366666666667
-3.19444444444
-3.375
0.0
0.0
-0.105263157895
0.0
0.166666666667
-5.990175
0.0
-1.5625
1.42857142857
0.0
0.0
0.0
-4.5652173913
-1.18343195266
-0.444444444444
-0.696202531646
0.188679245283
0.0
1.0
0.215053763441
1.12903225806
0.0
-0.625
-0.266666666667
1.33333333333
-0.4
-0.151515151515
-2.38095238095
0.0
-1.125
0.0
0.0
-0.27397260274
3.54166666667
-0.117647058824
0.866666666667
-1.17647058824
0.163265306122
0.2
-0.192307692308
-0.285714285714
0.0
4.93333333333
-0.375
-7.63888888889
0.0
0.0
1.33333333333
0.0
2.0
-0.235294117647
-0.272727272727
-4.10256410256
-1.5599968
1.64948453608
-1.81818181818
-0.4
0.2
-0.48
0.0
-0.869565217391
0.0
0.458260869565
0.0
0.0
1.86046511628
0.235294117647
0.0
-2.67857142857
0.363636363636
-0.5
-0.1875
-0.91
0.0833333333333
0.307692307692
-0.866666666667
0.344322344322
0.0
1.52173913043
1.11111111111
0.8
0.909090909091
-0.333333333333
0.4
-0.0510204081633
0.0
0.0
0.571428571429
0.0
0.681818181818
0.0
-0.16
0.47619047619
-1.27272727273
2.30769230769
0.0
-3.44444444444
0.25
0.0
0.0
4.47916666667
-3.37837837838
-0.763358778626
0.0625
0.0
0.0
0.0
1.1811023622
-0.406451612903
0.0
-2.97872340426
0.0
-0.8
-0.786516853933
-0.190476190476
0.0
0.0
0.0
-0.5
7.39495798319
0.387096774194
0.0
-11.8285714286
0.0
-0.675675675676
0.0
-0.952380952381
-5.28169014085
0.0
1.69230769231
0.188679245283
-1.52777777778
-0.444444444444
-0.166666666667
-1.94444444444
0.0
-0.714285714286
-0.0666666666667
0.0
0.0
1.11111111111
2.66666666667
0.0
0.0
-4.1875
0.0
0.148148148148
-0.408163265306
-3.23232323232
0.0
0.214285714286
0.0
-1.2380952381
0.315789473684
-0.0952380952381
1.45454545455
0.0
0.0
0.137931034483
-2.11111111111
1.41818181818
0.204081632653
2.15
0.729927007299
0.0
-0.727272727273
1.90476190476
-0.238095238095
0.0
0.0
-4.91228070175
0.111111111111
-0.857142857143
-0.235294117647
0.0
0.0
4.29292929293
0.386363636364
0.0
0.4
0.0
2.63636363636
2.36363636364
-1.0
0.0
-0.625
0.25
-4.125
-0.666666666667
0.380952380952
-5.17857142857
0.113636363636
0.0
0.0611620795107
-0.606060606061
0.0
1.35
1.42857142857
-0.172413793103
-0.235294117647
-2.20779220779
0.588235294118
0.5
1.04
-1.39534883721
-0.08
0.0
-0.434782608696
9.2
-0.235294117647
0.75
0.0
14.875
0.789473684211
0.0
-1.47058823529
-2.00803212851
-0.226757369615
0.0
28.9600008
0.0
-0.5
1.11111111111
2.46666666667
-1.85483870968
0.0
-0.277777777778
1.1
-0.243902439024
-0.277777777778
1.35714285714
-0.13698630137
-0.0909090909091
2.98701298701
0.285714285714
-0.6
0.590909090909
0.6
0.4
-0.727272727273
0.0
0.0
0.0
0.0
0.0
0.0
0.133333333333
-2.2
-0.827586206897
-0.235294117647
0.0
-0.742857142857
0.121212121212
0.588235294118
0.0
0.0
0.0
0.0
-0.30985915493
-1.19402985075
0.0
0.0
1.2
0.0
0.263157894737
0.266666666667
0.795454545455
0.0
0.0
0.0
-2.7
-0.581395348837
0.0
1.31034482759
0.315789473684
0.0
0.0
-0.222222222222
0.736196319018
0.0
-0.377358490566
0.25
-0.380952380952
0.0
0.0
-1.13475177305
-0.642857142857
0.259259259259
-0.243362831858
0.874635568513
0.553191489362
-1.34453781513
0.0
-0.266666666667
0.555555555556
-0.666666666667
-0.204081632653
-0.454545454545
0.0
-2.66666666667
0.0
-0.352941176471
1.0
-1.27272727273
-1.8
0.846153846154
-0.133333333333
0.0
0.0
0.135483870968
-0.571428571429
0.355555555556
0.117647058824
-0.111111111111
1.5
-0.576923076923
0.0
-1.57407407407
3.18571428571
-0.116279069767
-0.777777777778
-0.732394366197
3.15384615385
-0.6
-1.52777777778
0.174418604651
-2.53333333333
0.608108108108
0.0649350649351
-2.85714285714
0.0
-3.68
-0.416666666667
1.66666666667
-0.952380952381
5.81395348837
0.358974358974
0.294117647059
0.470588235294
-0.235294117647
-1.02564102564
0.0
-0.142857142857
0.0
0.0
0.0
0.0
0.181818181818
-1.2962962963
-0.9375
0.130434782609
-0.965517241379
-0.813953488372
0.0
-1.04166666667
-0.238095238095
-3.0
-0.8
0.288461538462
-0.235294117647
0.0
-1.6
0.4
-0.428571428571
1.0
2.81818181818
0.574712643678
6.0
-1.25
0.833333333333
0.0
-1.04026845638
0.357142857143
-4.15
1.74418604651
0.0
-0.147058823529
0.0
-0.142857142857
-2.83333333333
0.307692307692
-2.83333333333
7.41666666667
0.461538461538
-1.65714285714
0.0
0.0
0.0
1.0
-0.96
-0.266666666667
0.0
0.015503875969
0.0
0.416666666667
0.0
-0.333333333333
1.584
0.644171779141
-0.0625
2.21052631579
0.520833333333
3.5
0.0
-0.0666666666667
0.0
2.26666666667
1.1627944186
0.0
0.625
1.78571428571
3.25
0.0
-0.1
-0.241935483871
-2.11111111111
0.301204819277
0.0
-0.9155
0.5
0.8
0.697674418605
-0.20618556701
1.47368421053
-1.18644067797
0.0
0.0
-0.138888888889
0.0
0.0
-1.66666666667
-0.666666666667
0.0
-1.375
0.413793103448
-0.411764705882
-0.4
0.0
0.0
0.333333333333
-0.227272727273
0.333333333333
1.02040816327
0.0
0.0
0.56
-0.25
0.5
0.211764705882
-3.18181818182
-0.85
-5.33333333333
0.0
-1.42348754448
-0.441176470588
0.0
0.0
4.52380952381
-0.222222222222
-0.380952380952
0.333333333333
0.307692307692
2.5
-0.461538461538
-0.188679245283
0.235294117647
-1.66666666667
1.66666666667
-0.818181818182
0.0
0.37558685446
-1.64705882353
0.235294117647
0.0
0.0
0.235294117647
0.0
-2.4375
0.352553263443
0.0
-0.704225352113
1.14285714286
-0.27397260274
0.0
0.333333333333
0.25
-0.833333333333
0.0
-0.309278350515
0.0
-0.368421052632
-2.5
-0.117647058824
0.166666666667
-2.36220472441
1.11764705882
-1.8
0.0
-1.93548387097
-3.5
-0.181818181818
1.69230769231
0.0
5.41666666667
0.133333333333
0.25
0.75
-1.875
0.0
0.0
-0.853658536585
-0.454545454545
0.0
-0.0520833333333
0.631578947368
-0.123076923077
1.25170068027
2.0
-0.421052631579
0.0
1.15942028986
-0.0704225352113
-0.0888888888889
-1.75
0.125
0.666666666667
0.0
0.0
0.677966101695
4.21052631579
-0.187499375
-0.0444444444444
0.0
-0.5
0.294117647059
1.25
-0.461538461538
7.35555555556
1.66666666667
0.0
0.0
29.7101449275
2.34042553191
0.325203252033
0.0
1.33333333333
0.0
0.277777777778
0.760869565217
0.533333333333
-0.821917808219
0.272727272727
0.0
-0.125
1.96428571429
0.0
-1.66666666667
-0.111111111111
-0.322580645161
1.27272727273
-2.47706422018
0.093023255814
0.0
-1.7094017094
0.0
-1.40350877193
0.25
-0.384615384615
-0.142857142857
-0.814814814815
0.137931034483
-3.06451612903
0.0
-0.391304347826
0.0
1.13636363636
-0.3
-0.243902439024
2.28260869565
0.0
0.25
-0.176470588235
-4.2
-1.21739130435
-0.0632911392405
-11.1724137931
1.42857142857
0.0666666666667
0.0
0.294117647059
4.64285714286
0.740740740741
1.03448275862
0.0
-0.866666666667
0.208333333333
0.555555555556
0.307692307692
0.185185185185
-0.857142857143
-7.42857142857
1.02222222222
0.0704225352113
0.0
0.75
0.648148148148
0.727272727273
-0.757575757576
0.806451612903
-2.63768115942
0.555555555556
0.143579926159
-0.1
-2.0
0.25
0.0
-0.555555555556
0.258064516129
-2.22222222222
-0.848484848485
-2.65
0.0
0.0
-2.2
-0.384615384615
0.566037735849
0.0
4.33333333333
-0.3
4.11764705882
0.0
-0.100502512563
1.82608695652
0.631578947368
0.666666666667
0.833333333333
0.0
-0.6
2.21739130435
0.591715976331
0.228571428571
-0.56
0.212765957447
0.0
1.81818181818
0.0
0.166666666667
-0.857142857143
2.12314225053
0.0
2.46
0.0
-0.142857142857
0.666666666667
-1.75
0.416666666667
-0.0900900900901
7.90909090909
-0.352941176471
0.651162790698
0.789473684211
-0.147058823529
0.773195876289
0.288888888889
-0.434782608696
0.666666666667
0.137931034483
0.0
1.71428571429
-0.512820512821
-0.571428571429
0.0
0.315315315315
0.881481481481
1.71052631579
-1.375
-1.02564102564
0.0
0.818181818182
-0.153846153846
-0.416666666667
0.3125
0.045045045045
0.0
0.0
0.0
-0.128
0.642201834862
-0.18064516129
0.666666666667
0.285714285714
0.116279069767
0.461538461538
-0.416666666667
0.0
-0.434782608696
0.0
-0.777777777778
-2.38095238095
0.266666666667
0.0
-0.21978021978
-0.6
0.113636363636
-4.02597402597
-0.38961038961
0.0
0.0
0.4
0.7
-1.05
-0.75
-0.2
-0.659340659341
0.0
0.0
-0.375939849624
0.0
0.8125
0.0
1.11111111111
6.66666666667
-0.0555555555556
-7.75862068966
2.76923076923
0.0
0.96
0.0526315789474
0.121951219512
0.16
-0.128205128205
0.756756756757
0.3125
0.0
0.181818181818
0.444444444444
-0.758620689655
-0.0520833333333
-1.41935483871
0.434782608696
0.0
-0.870229007634
0.25
1.94117647059
-1.68421052632
-1.5
0.140625
0.0
-3.33333333333
13.25
-0.538461538462
0.0
0.0
0.777777777778
0.0
1.13636363636
0.0
-1.28571428571
0.314465408805
-0.352941176471
-0.348837209302
5.53846153846
-0.0515463917526
-0.833333333333
0.606060606061
0.0
0.0
0.0
0.694444444444
-6.16666666667
-1.06666666667
-0.105263157895
0.0
2.32323232323
1.46666666667
3.07692307692
1.07692307692
0.555555555556
-0.235294117647
0.555555555556
0.952380952381
0.0
-0.555555555556
-2.62626262626
0.0
0.178571428571
-1.40127388535
0.0
0.0
-0.227272727273
-0.555555555556
2.02643171806
0.0
-0.916666666667
2.08333333333
-6.0
4.4
-0.407142857143
0.351826792963
0.454545454545
-0.380952380952
-0.272727272727
0.363636363636
0.0
0.0
-1.57142857143
-3.66666666667
-0.909090909091
-0.63
0.306451612903
0.515463917526
0.533333333333
0.0
1.21875
0.0
0.0
0.0
-0.277777777778
-0.746268656716
0.294117647059
-0.694444444444
0.0
1.66666666667
-3.48571428571
-3.51851851852
1.08695652174
0.0
0.210526315789
-2.28571428571
0.210526315789
0.0
-1.6
0.0
-0.357142857143
0.105263157895
0.0
0.0
0.243902439024
0.0
-0.142857142857
0.0
-0.96
-2.5
0.0833333333333
-1.33333333333
0.921052631579
-1.52777777778
0.0
0.344827586207
0.666666666667
-0.566037735849
0.0
0.0
0.333333333333
-22.25
0.857142857143
0.111111111111
0.0
-0.281690140845
1.39130434783
0.0592592592593
1.13636363636
-1.0
0.0
0.0
-3.06451612903
0.0
1.07142857143
1.03846153846
-0.75
-0.842105263158
-0.367647058824
0.769230769231
0.384615384615
0.650406504065
0.266666666667
-0.609756097561
0.714285714286
2.5
-0.206896551724
-0.182926829268
0.8
-0.307692307692
0.263157894737
0.75
-0.686274509804
2.61904761905
-0.333333333333
0.564102564103
0.25
0.0
1.13043478261
-0.666666666667
-2.21176470588
1.05802047782
6.66666666667
0.0
-5.78947368421
2.13333333333
0.307692307692
0.25
1.34328358209
1.30434782609
0.885714285714
0.0
0.0
-1.13333333333
0.315555555556
-0.128205128205
0.835351089588
-0.461538461538
-0.869565217391
-0.877192982456
1.75
-0.775
0.827586206897
0.292682926829
1.35294117647
0.0
0.952380952381
2.18309859155
-0.740740740741
0.181818181818
-0.428571428571
3.25581767442
-3.6
-0.0851063829787
0.078125
-0.6
-0.443037974684
-1.08108108108
0.8
0.228571428571
-0.662251655629
0.0
0.0
2.0
-0.810810810811
0.0
0.391304347826
1.1
-6.61538461538
-41.9807692308
0.0
0.0
-0.232558139535
-0.208333333333
-0.333333333333
0.571428571429
0.0
-1.69230769231
-0.571428571429
0.407894736842
4.4375
-2.8
1.1320754717
0.0
2.0
-0.559440559441
-0.0357142857143
-0.461538461538
0.696202531646
-0.0625
0.0625
2.55220417633
-0.0515463917526
0.0
-2.90909090909
-0.37037037037
-1.24444444444
-0.652173913043
-3.28571428571
0.493827160494
4.66666666667
-0.972222222222
0.0
0.0
0.149253731343
0.294117647059
0.0
-0.294117647059
2.10526315789
0.0
-4.27272727273
1.17647058824
0.892857142857
0.0
0.0
0.0
11.75
0.379746835443
1.61016949153
-7.93333333333
-1.33333333333
0.0
-2.72727272727
1.31034482759
-2.4
0.0
1.18181818182
2.33333333333
0.833333333333
0.0
0.173913043478
0.0
1.04
0.0
-2.07792207792
0.705882352941
0.163043478261
-0.651515151515
-0.789473684211
-0.103092783505
-0.175438596491
-0.875
0.0
0.760869565217
0.636363636364
0.224
0.510204081633
-0.2
0.0
0.0
17.3333333333
-1.94444444444
0.0
-0.444444444444
1.0
0.0
0.0
0.0
0.0
-1.26153846154
0.0
-0.8
-3.88888888889
-1.51515151515
0.666666666667
0.0
-0.285714285714
0.85
0.823529411765
1.875
0.0
-0.243902439024
1.53333333333
0.235294117647
-0.533333333333
0.0
0.171875
1.23529411765
-0.428571428571
0.4
0.234375
0.0
0.0
-3.55555555556
12.5
1.65517241379
-0.842105263158
0.0
0.0
-2.46575342466
0.315789473684
0.379310344828
0.0
-0.588235294118
0.0
0.272727272727
0.8
-0.344827586207
0.133333333333
-0.132743362832
0.454545454545
-0.804597701149
0.0
-0.113636363636
0.888888888889
-0.0909090909091
-1.52
0.105263157895
0.0
1.0
-7.83333333333
1.53846153846
-0.248447204969
0.378787878788
0.8
-2.21428571429
-0.37037037037
-0.4
-2.02380952381
-0.181818181818
8.75714285714
0.0
0.625
0.0
-0.384615384615
0.75
0.752688172043
3.11827956989
-0.877192982456
-0.754716981132
0.0
0.0
-0.972222222222
-0.116279069767
-0.238095238095
0.0
0.133333333333
0.0
0.0
0.666666666667
0.277777777778
0.0
0.523560209424
-1.528
0.0
0.0
0.454545454545
-0.117647058824
-0.103092783505
0.0735294117647
-0.181818181818
-0.0740740740741
2.53012048193
0.157852565115
0.337037037037
0.566037735849
0.0
1.45833333333
2.38095238095
-0.27027027027
-0.636363636364
0.0
0.0
0.3125
-0.222222222222
-0.51724137931
0.193548387097
0.535714285714
0.133333333333
0.0
0.0
3.57142857143
0.0
0.0
0.0
3.04347826087
3.45454545455
0.0
-0.633333333333
-0.08
-1.47826086957
-0.892857142857
0.568181818182
0.0
0.0
0.117647058824
0.636645962733
4.66666666667
-0.606060606061
8.8
0.0
0.357142857143
0.0
0.6
0.0
0.0
1.31578947368
0.0
-0.150434782609
-2.09523809524
2.29166666667
2.83333333333
0.0
0.704225352113
0.93023255814
0.666666666667
9.72727272727
0.0
0.0
1.70454545455
-2.875
0.37037037037
0.0
-0.514285714286
-0.208333333333
1.5
0.666666666667
0.210526315789
0.277777777778
-5.71428571429
0.923076923077
0.0
1.5
-1.29411764706
0.948275862069
-2.92207792208
-0.1875
-0.0888888888889
-3.90476190476
0.0
0.0
0.344827586207
0.0
0.4
-0.650793650794
-2.13846153846
3.28971962617
-1.41666666667
-0.00822368421053
0.0
-0.466321243523
-0.413793103448
-1.6
-2.09523809524
-0.852713178295
0.363636363636
-2.0
1.14285714286
-1.13333333333
1.23529411765
-3.71428571429
0.567649281935
-0.0869565217391
-0.285714285714
3.14285714286
2.44444444444
-0.333333333333
0.0
-0.344827586207
-1.28
-0.318181818182
0.0
-1.42857142857
0.3125
-1.25
0.4
0.466666666667
0.0
-0.541666666667
0.217391304348
0.0
2.0
0.0952380952381
-0.260869565217
5.2380952381
0.0
-0.363636363636
-4.0
0.380434782609
0.129032258065
0.347826086957
-1.64179104478
-1.28205128205
0.0
0.545454545455
1.62264150943
-0.333333333333
0.0
-0.0461538461538
0.0
1.875
-1.71428571429
0.0
0.117647058824
-0.25
0.0
0.0
-0.486486486486
0.0
5.20833333333
-0.166666666667
-1.05761316872
-0.0943396226415
0.258064516129
0.37037037037
0.47619047619
1.33333333333
-2.30769230769
0.4
0.0
0.0
0.566037735849
0.0
-0.428571428571
-2.32142857143
0.0
2.14285714286
-1.14285714286
-0.114942528736
0.0
-0.315789473684
-3.1746031746
0.434782608696
0.018018018018
0.975155279503
0.166666666667
0.0
-1.38888888889
0.0
-3.93333333333
-1.06976744186
0.923076923077
0.0
1.0
0.0
0.0
-1.49253731343
0.0
6.12903225806
2.11764705882
2.13333333333
-0.0454545454545
0.0
1.46853146853
-0.106451612903
-0.4
-1.2
0.0
-1.09090909091
-0.866666666667
0.12
0.0
0.181818181818
-0.4
0.0
0.466666666667
1.69230769231
0.223214285714
-0.3
0.0
4.97435897436
-7.25
0.0
0.4
0.0
0.0
0.0
0.0
-0.105263157895
0.000751879699248
0.355555555556
-1.95652173913
1.37168141593
0.0
1.31915234043
-0.40404040404
-0.4
0.0
-1.89473684211
0.533333333333
3.22105263158
-1.0
4.47368421053
0.555555555556
-0.808080808081
-0.923076923077
-2.28571428571
3.14285714286
7.16666666667
-0.6
0.0
0.6
-0.153846153846
0.0
2.96875
0.0
6.0
-1.6
0.27027027027
0.0
0.315789473684
2.16216216216
0.468986384266
-0.531674208145
0.736842105263
-0.157894736842
-2.4
1.02739726027
-0.571428571429
1.40939597315
0.0
-5.15923566879
-1.30434782609
0.0
-0.1875
0.0
0.0
1.46341463415
2.53333333333
0.555555555556
0.5
1.92307692308
2.69230769231
0.0
-1.42857142857
-0.680272108844
0.333333333333
-0.5
-0.666666666667
0.0
0.0
1.11111111111
0.0
1.67664670659
0.181818181818
0.0
1.04615384615
0.0
4.44444444444
1.50943396226
-3.25
-0.2
-1.20689655172
1.69047619048
1.66666666667
-0.0416666666667
0.0
3.71428571429
0.140625
-0.444444444444
0.0
-1.77777777778
-2.11538461538
-0.625
-0.238095238095
1.44032921811
1.02941176471
0.0
0.344827586207
-0.1
0.0
0.140845070423
0.0
0.0
-0.121212121212
0.357142857143
0.0
0.0
1.64285714286
1.83333333333
1.14545454545
-41.6304347826
0.583333333333
-1.5
-2.42424242424
-0.0444444444444
0.380952380952
0.222222222222
-0.123076923077
0.0
2.61538461538
0.597014925373
0.0
0.533333333333
-1.51515151515
0.47619047619
9.16666666667
2.0
0.0
0.0
0.0
-0.114942528736
0.714285714286
-0.235294117647
-0.133333333333
-2.42105263158
0.0
0.0
1.79591836735
2.28260869565
-4.47619047619
-0.526315789474
0.0
1.32075471698
2.0
-1.80952380952
0.0
0.222222222222
0.357142857143
2.30303030303
-0.3125
0.952380952381
-0.3125
0.0
-0.409090909091
1.36666666667
2.33333333333
0.510204081633
-1.07142857143
0.654761904762
1.05263157895
0.48
0.526315789474
0.0
0.583333333333
0.0
3.53846230769
0.272727272727
-0.384615384615
-1.20714285714
0.65306122449
0.869565217391
2.13333333333
-1.40909090909
-1.15151515152
0.0444444444444
0.0
-0.55
10.625
0.191304347826
0.0
-0.0740192450037
-1.64102564103
-0.384615384615
-0.926775956284
-1.04761904762
-0.769230769231
-5.33333333333
0.0
0.1
4.83333333333
-0.230769230769
0.0
0.0
-0.235294117647
-1.52
-0.322580645161
0.869565217391
0.0
0.0
0.0952380952381
0.711111111111
0.352941176471
-0.285714285714
1.8691588785
0.0
0.666666666667
0.4
0.0
0.0
0.0
0.0
0.421052631579
-0.0581395348837
4.02222222222
0.425531914894
0.921052631579
-0.0512820512821
0.0
-1.45
-0.15606242497
-1.90909090909
0.0
-0.491228070175
0.457142857143
-2.0
-1.79640718563
-0.0409836065574
-1.55555555556
0.315789473684
-1.11111111111
0.0
0.0
0.176470588235
0.0714285714286
-0.117647058824
-0.2
-0.0689655172414
0.51724137931
-0.625
-2.46376811594
-0.609756097561
-0.666666666667
0.375
-0.4
2.30158730159
0.681818181818
0.379537953795
15.1428571429
-0.464285714286
-0.183673469388
1.11111111111
-6.77777777778
3.92857142857
0.466666666667
4.41176470588
-8.0
-0.888888888889
0.0
0.0
-0.210526315789
0.571428571429
0.571428571429
1.25909090909
0.0
2.10526315789
-1.26315789474
0.0
0.0
-3.375
-0.866666666667
-2.0
1.86666666667
0.0
0.188679245283
-0.923076923077
-0.461538461538
0.0
0.48275862069
0.888888888889
0.89552238806
0.0
-0.48
0.0
0.0
5.32258064516
0.0
0.0
0.0
0.133333333333
0.714285714286
-1.18152524168
-0.769230769231
0.921052631579
-0.625
0.0
-0.322580645161
-0.6
-1.09523809524
-1.08333333333
-1.80952380952
-1.6
12.0
0.0
-4.33333333333
0.5
0.178571428571
-3.22222222222
0.0
-0.285714285714
-1.2
0.797101449275
-0.166666666667
0.0
1.375
0.0
0.0
-4.44444444444
0.0
0.984615384615
-0.545454545455
-0.857142857143
0.357142857143
0.222222222222
0.0
0.0
1.5
0.0
0.192307692308
0.0
-0.925925925926
-0.725806451613
2.12244897959
0.373831775701
-2.4
-0.281690140845
0.104166666667
18.4953478261
-0.555555555556
-0.333333333333
1.44927536232
8.125
0.0
0.712662673001
0.659340659341
0.761904761905
0.105263157895
-0.26455026455
3.29113924051
0.0
1.06666666667
4.44444444444
0.0
0.0
-2.54545454545
0.582362728785
0.0
3.50877192982
0.144927536232
-2.25
0.0
-2.2
-3.63333333333
0.0
0.0
-3.14685314685
-0.686708860759
-2.6
3.0
1.22222222222
0.251572327044
-0.117647058824
0.0
0.0
0.0
5.75757575758
-0.0900900900901
-0.727272727273
0.0588235294118
-1.51515151515
-0.684210526316
0.375
0.888888888889
1.63333333333
-1.71052631579
-1.44927536232
0.714285714286
0.222222222222
0.833333333333
4.43037974684
0.46875
0.104166666667
-0.434782608696
-0.727272727273
0.0
0.0
0.186335403727
0.529411764706
2.20689655172
14.8684210526
-2.46376811594
0.380952380952
0.0
2.70833333333
-2.05128205128
0.916666666667
-0.909090909091
5.81132075472
0.217391304348
-1.93548387097
2.2641509434
0.0
-0.46511627907
-2.45714285714
-0.4
0.0
-2.125
0.0588235294118
-28.2
1.09677419355
0.0
-0.0789473684211
0.0
2.52380952381
0.0
3.02
-0.222222222222
-0.854700854701
0.214285714286
2.02222222222
-0.235294117647
-0.131578947368
0.0
-1.14093959732
1.63636363636
0.0
0.0
-0.4155
-0.111111111111
0.595238095238
1.45454545455
0.0694444444444
-0.6
18.8
-1.56756756757
0.0
0.461538461538
-4.375
0.547368421053
0.0
-0.222222222222
2.47058882353
-0.1875
0.0526315789474
0.0540540540541
0.955882352941
-0.294117647059
0.0
-2.68571428571
-2.29268292683
-0.625
0.416666666667
-0.395833333333
-0.976744186047
-0.243902439024
0.181818181818
0.0
-0.769230769231
-1.40845070423
0.222222222222
-0.347826086957
-0.365853658537
-0.388888888889
0.0
1.0125
0.28125
0.0
-0.357142857143
1.0
-0.540540540541
0.0
-0.666666666667
1.5
-0.27397260274
0.133333333333
0.0
0.0
-2.8
0.708333333333
0.0
0.793650793651
3.1746031746
5.26315789474
0.338983050847
0.0
-0.263157894737
0.0
-1.37055837563
-0.181818181818
0.259493670886
-0.521739130435
0.0
0.8
-5.66666666667
0.490196078431
0.0
0.3125
4.46153846154
0.5
0.0
0.0
0.909090909091
0.842105263158
0.0
11.5172413793
-0.606060606061
-3.17647058824
0.833333333333
-0.818181818182
0.571428571429
-0.328947368421
0.0
0.3125
0.0
0.588235294118
0.363636363636
0.0555555555556
0.0
-1.51515151515
-21.4857142857
0.833333333333
0.0
-1.875
0.0
-0.775
-0.466666666667
0.0
0.0
14.1428571429
-3.125
-0.533333333333
-7.24137931034
-0.28
-0.12987012987
0.409090909091
0.0
-0.333333333333
0.227272727273
0.434782608696
-3.86363636364
-0.333333333333
0.0
2.05882352941
-1.28571428571
2.09090909091
0.0
-0.866666666667
0.978260869565
-0.285714285714
-0.285714285714
0.0
-0.24
-0.376344086022
0.0
0.0
0.952380952381
0.0
-1.18181818182
0.0
-0.641025641026
-5.75
-0.37037037037
-0.434782608696
0.133333333333
0.0
0.0
0.340909090909
-0.10752688172
0.0704225352113
0.0
0.0
-0.131578947368
0.0
0.0
-0.241379310345
-1.11111111111
0.0
-0.15
1.05263157895
-0.44
2.0
-0.444444444444
-0.315789473684
0.0
0.0
0.434782608696
2.17391304348
0.384615384615
0.0
0.0555555555556
-0.350877192982
0.3125
0.0
-0.47619047619
-6.38095238095
-2.24
0.375
0.545454545455
1.06796116505
0.0
0.142857142857
-0.384615384615
-6.38888888889
0.0
2.02643171806
-0.133333333333
0.0
0.0
0.133333333333
-5.66666666667
0.0
-1.22580645161
25.5
0.258064516129
-1.1214953271
-0.0259235255995
0.0
-6.336
-3.54545454545
0.117647058824
-3.33333333333
0.116959064327
-1.35714285714
0.135685210312
-1.375
0.0
0.0
-8.0
-1.03260869565
0.510204081633
0.0
-0.4
-0.8
-3.47826086957
1.29487179487
0.125
0.0
1.66666666667
1.15384615385
0.0
1.08695652174
0.0
0.0
-0.577380952381
0.0
2.57142857143
-0.444444444444
-2.96153846154
-0.21978021978
0.193548387097
-0.65
-1.35135135135
0.185185185185
2.49206349206
2.58333333333
0.0
-11.0333333333
1.09090909091
0.0
1.1
0.0
2.31578947368
2.5
3.63636363636
-0.875
0.0
0.545454545455
0.352941176471
-0.488095238095
0.0
0.265486725664
0.0
-0.6
0.0
0.892857142857
0.0
-0.117647058824
-1.625
2.48484848485
-0.547945205479
0.0
-2.05
1.73469387755
0.0
-0.48
0.0
0.153846153846
0.434782608696
0.227272727273
2.22222222222
0.0454545454545
0.368421052632
-0.217391304348
0.204081632653
0.0
-0.406976744186
0.25
3.15384615385
0.0
0.0
0.416666666667
1.11111111111
1.875
1.22222222222
0.0
0.62962962963
-0.307692307692
0.0
-1.17647058824
-1.75
0.0847457627119
0.0
0.869565217391
-0.102040816327
0.0
0.0
-0.117647058824
-0.479233226837
1.875
0.111111111111
-0.444444444444
0.0
3.2
0.0
-1.37566137566
0.0
2.27273090909
-2.5
0.8
7.35294117647
-0.457142857143
0.586080586081
0.333333333333
-3.72580645161
0.0
-1.5
3.25
0.0
0.0
0.0
0.897435897436
0.0
0.526315789474
0.120481927711
-0.260869565217
-0.131578947368
-0.517857142857
0.714285714286
-0.5125
-2.68518518519
-0.284285714286
-3.23076923077
-0.204081632653
-1.08695652174
-0.416666666667
0.692307692308
-1.0
-0.777777777778
-0.381666666667
1.28571428571
0.2
0.222222222222
-0.481366459627
-1.12676056338
-1.05263157895
0.0
0.0
1.92857142857
0.0
0.123456790123
0.470588235294
1.85714285714
-0.875
1.31147540984
0.555555555556
0.0
0.508474576271
3.375
-0.714285714286
0.0
0.0
-0.731707317073
0.46875
-0.5
0.0689655172414
0.340909090909
-0.596026490066
0.846153846154
0.666677333333
0.0
0.0
1.84615384615
0.0
-4.28571428571
-2.48387096774
0.392857142857
0.483870967742
-6.35714285714
-0.102564102564
-0.125
0.0
-0.75
4.11764705882
-2.05405405405
-1.45161290323
0.666666666667
9.85294117647
0.625
0.714285714286
-1.03333333333
-0.0666666666667
3.67231638418
-2.0
0.384123360838
0.37037037037
0.975
0.0
-0.0769230769231
-2.0
0.0
0.235294117647
0.0
-0.0740740740741
0.217391304348
0.827586206897
0.555555555556
1.09090909091
-2.28571428571
0.125
-0.140845070423
-0.9
-0.5
0.0
-1.19565217391
0.142857142857
-0.45
0.666666666667
0.131147540984
0.0704225352113
0.337837837838
0.0357142857143
-2.01714285714
0.0
0.0434782608696
-0.190476190476
0.0
2.17391304348
-0.833333333333
-2.66666666667
0.166666666667
-0.78
-0.304347826087
0.769230769231
0.0
-1.27272727273
1.66666666667
1.1811023622
0.0
0.509554140127
-1.2
-16.6176470588
0.222222222222
-0.166666666667
-0.0510204081633
-0.833333333333
0.7
0.0
1.86666666667
0.869565217391
0.423076923077
-0.0155
-2.38709677419
-0.909090909091
-7.96875
-3.94736842105
0.0
0.5
0.0
0.0
8.33333333333
0.636363636364
-0.457142857143
0.0
0.1171875
-1.5
0.5
1.79487179487
0.0
-1.53333333333
-0.4
-0.457142857143
0.230769230769
1.95833333333
-0.384615384615
1.61764705882
0.769230769231
-1.19266055046
0.0
-0.375
0.0
4.48275862069
0.0
0.957446808511
-4.69090909091
0.769230769231
-0.8
2.06896551724
-1.08527131783
-2.7380952381
16.1764705882
-0.6
0.0
1.06666666667
-4.0350877193
-2.07142857143
0.333333333333
-1.36363636364
0.220588235294
-1.0
-0.555555555556
1.875
-0.2
1.875
-0.588235294118
1.64444444444
0.0
0.0
-0.25
0.0
0.0
0.448979591837
-0.454545454545
0.888888888889
1.75
-0.194174757282
0.0
0.769230769231
0.0
0.6875
-1.6
-5.09090909091
0.0
0.0
-1.25
-0.495726495726
1.16666666667
-0.54347826087
-0.277777777778
2.64285714286
0.389072847682
0.724637681159
-3.2
0.0
-0.263157894737
-0.285714285714
-1.24444444444
-0.116279069767
1.02739726027
3.0
1.15555555556
-1.05263157895
-2.46153846154
-1.28571428571
-0.634803921569
1.15789473684
0.634825
-0.814814814815
-5.14285714286
0.777777777778
2.67857142857
-1.6
0.0
0.866666666667
0.0
-2.0
-0.151515151515
0.919540229885
-3.44827586207
-1.78378378378
-4.23913043478
0.52
0.0
-1.96551724138
1.13636363636
-0.277777777778
-0.125
-0.333333333333
0.38961038961
0.0
-1.06666666667
0.0
-0.95652173913
-0.87962962963
0.0
0.188679245283
0.0
0.0
-3.00469483568
0.12987012987
0.0
9.14285714286
0.0
0.188118811881
0.0
0.0740740740741
0.117647058824
0.533333333333
0.0
-0.823529411765
-0.0833333333333
2.0
-0.0658333333333
0.294117647059
2.58823529412
0.314960629921
-7.6
-0.903225806452
-0.941176470588
2.52631578947
-7.63636363636
0.0
0.380952380952
0.405405405405
-0.322580645161
-3.63636363636
0.0
0.0
-0.535483870968
0.975609756098
-0.2
0.0
-1.07843137255
1.58333333333
-0.133333333333
-3.41726618705
0.0
-0.119047619048
0.0
0.185185185185
0.78431372549
-1.30434782609
1.46666666667
-0.51724137931
0.684931506849
0.117647058824
0.0512820512821
0.75
0.0826446280992
-1.40540540541
0.533333333333
0.493827160494
0.0
0.694444444444
2.21428571429
-0.857142857143
-0.622222222222
-0.974025974026
-0.386740331492
0.0
0.0
-1.32352941176
1.16279069767
0.740740740741
1.28205128205
2.0
0.153846153846
0.0
0.27149321267
0.0
-1.8
-3.05185185185
0.0
0.576923076923
1.72727272727
-0.505050505051
0.0
0.0
-0.1875
-0.30303030303
1.19402985075
0.0
0.869565217391
0.0
-1.70212765957
0.952380952381
0.555555555556
0.0
0.0740740740741
0.0
0.0
0.0
0.0
0.444444444444
0.0
0.8
6.44444444444
0.311111111111
0.571428571429
-1.09090909091
-0.776119402985
-1.28571428571
0.0
1.16279069767
-0.352941176471
0.933333333333
0.0
0.0
0.518518518519
-0.292397660819
-0.1875
5.0
2.33333333333
-0.285714285714
5.0
-0.403225806452
-2.6
0.0
0.0
1.46341463415
0.0
0.0
-0.25
0.9
-0.625
1.8
0.89375
-2.32394366197
1.69491525424
-0.173913043478
0.0
-0.757575757576
-0.155555555556
0.153846153846
3.3064516129
3.23076923077
0.0645161290323
-3.39285714286
3.21428571429
0.755555555556
0.0
-1.30434782609
0.153846153846
-6.0
3.05555555556
0.177777777778
1.18518518519
-0.191489361702
0.0
-1.0
-0.272727272727
0.888888888889
0.111111111111
0.711111111111
0.289855072464
-0.283018867925
-0.545454545455
-0.875
0.0
-0.903225806452
0.46511627907
-2.0487804878
-0.4155
0.0
0.116279069767
0.95652173913
0.285714285714
1.92592592593
0.518518518519
0.192307692308
-1.12941176471
0.5
3.0
0.467289719626
1.33333333333
0.222222222222
0.436363636364
-0.357142857143
2.30769230769
-0.677290836653
0.0
-0.277777777778
-0.187096774194
0.0
0.12987012987
1.18918918919
-3.60714285714
-0.333333333333
0.909090909091
1.14285714286
-0.228571428571
0.411764705882
-1.26923076923
-0.215053763441
-1.5
-0.169491525424
-2.22222222222
0.6
-0.779220779221
-0.714285714286
1.18918918919
0.0
0.0
0.05
-0.0666666666667
-0.260869565217
-2.28571428571
0.0
0.15625
-1.66666666667
1.35593220339
0.0
-0.125
-0.142857142857
0.0
0.416666666667
0.0
-0.185185185185
-0.206896551724
-0.333333333333
2.75
-4.36464088398
3.6
-0.272727272727
1.74657534247
3.44444444444
0.0
0.0
-0.37037037037
-3.89090909091
0.84
0.0
3.09523809524
-0.222222222222
-0.952380952381
-0.47619047619
0.0
12.8
3.09090909091
0.166666666667
-0.307692307692
0.0
0.357142857143
2.30303030303
0.0
0.340909090909
0.454545454545
1.25
0.0
0.0
1.6
0.0
-0.396825396825
-0.879120879121
0.0
-0.444444444444
0.0
-0.374193548387
-0.384615384615
16.7857142857
-0.909090909091
-0.173913043478
0.0
0.0
-0.0961538461538
0.0
-0.04
-2.66666666667
0.0
0.0
0.794117647059
0.448979591837
0.0
10.5555555556
-0.388349514563
1.89473684211
0.0
0.239520958084
-5.26019690577
2.94871794872
-0.25
0.0
0.0
0.416666666667
-2.05882352941
-0.47619047619
-0.789473684211
-0.2
0.0
0.0
-1.6875
0.171428571429
-0.5
-0.222222222222
0.0
-3.62068965517
0.0
0.206896551724
1.28888888889
0.509090909091
0.0
0.923076923077
0.25
1.0
2.6
-6.61016949153
0.365853658537
0.736842105263
-0.74364800661
0.0
-1.0
0.0
-0.833333333333
-0.833333333333
0.0
-0.4
1.31578947368
0.376344086022
0.181818181818
0.0
-0.25
0.0
1.36363636364
0.0
0.0
0.0
-8.5
0.0900900900901
0.326530612245
-0.736842105263
0.0
3.24324324324
0.0
-1.05882352941
-0.166666666667
0.0
1.45833333333
0.942857142857
0.0
-0.27027027027
5.0
0.833333333333
0.0
1.0
0.475
0.774193548387
0.0
0.0
1.51515151515
0.104347826087
-3.88888888889
-1.21621621622
0.0
-0.652173913043
4.0
-0.909090909091
0.0
-0.520833333333
0.634920634921
-1.2
-1.04347826087
-4.0
0.571428571429
0.0
3.14285714286
0.457142857143
0.36
0.0
0.8
0.0
-5.5
0.625
-0.733333333333
0.0
2.29166666667
-0.273076923077
-1.47540983607
5.83333333333
-0.142857142857
-0.157894736842
0.0
-1.57575757576
0.0
0.0
0.72
-0.879120879121
1.85185185185
-0.333333333333
-0.4
-0.238095238095
0.769230769231
1.42857142857
0.0
0.0
-0.126581012658
2.0
0.0
-0.853658536585
1.81818181818
0.0
-0.0609756097561
-0.222222222222
1.5625
2.21739130435
-0.416666666667
0.0
0.222222222222
0.363636363636
0.0
0.0
-2.36363636364
0.266666666667
0.566037735849
-0.564102564103
0.828571428571
0.0
-0.415384615385
-0.813008130081
2.60416666667
-0.459770114943
1.81818181818
-2.93333333333
0.378378378378
0.025
0.0
0.117647058824
0.727272727273
-0.0909090909091
-3.56060606061
0.0
0.3125
0.352112676056
0.0
0.0
-2.33944954128
0.25641025641
0.361445783133
0.3
-1.8
-0.181818181818
0.266666666667
0.264900662252
-0.416666666667
0.0
0.375
0.0
0.0
0.0
0.6
1.12903225806
-1.02857142857
1.0752688172
0.0
1.0564516129
-0.333333333333
-0.285714285714
-0.982142857143
9.33333333333
-0.96
-0.666666666667
0.105263157895
-0.16
-0.597609561753
2.5
-1.34615384615
-1.07142857143
-0.4
-0.285714285714
-2.40506329114
0.0
0.714285714286
0.0
-9.0
0.0
0.194174757282
0.0909090909091
0.0
0.2
-2.52631578947
0.37037037037
-0.229508196721
0.0
0.0
0.0260416666667
0.0
-0.131578947368
1.07692307692
-0.25641025641
0.0
-3.06666666667
-3.21428571429
-0.735294117647
-0.3
0.0
-0.236966824645
-0.285714285714
-4.98253333333
-0.0669291338583
0.0
0.0
0.166590909091
0.5
-2.77777777778
1.81818181818
0.0
1.75
1.82352941176
2.0
0.0
-0.457142857143
0.0
-4.89655172414
0.0
0.0892857142857
0.0
0.565217391304
-0.761904761905
0.0
-0.596026490066
0.0
0.0645161290323
1.76470588235
0.0
0.352941176471
0.0
0.0
1.22641509434
0.0
2.85714285714
0.0
0.526315789474
0.0
0.0
0.0
0.222222222222
0.75
0.63829787234
1.37254901961
3.43434343434
0.0
0.0
0.0
1.28571428571
-0.45045045045
-1.29411764706
-4.94252873563
-0.484848484848
-3.71428571429
0.0
-1.51898734177
0.0
-0.545454545455
-0.137931034483
-0.459183673469
0.0485436893204
0.0
0.898876404494
-0.545454545455
0.298507462687
0.174418604651
-0.1875
-0.304568527919
0.0
2.43902439024
0.0909090909091
0.0
0.0
0.0
-0.521739130435
0.0
0.8125
-1.05882352941
0.4
-0.470588235294
0.0
0.0
-0.4
0.421052631579
0.0
0.0
0.0
-1.08910891089
0.423255813953
-0.0833333333333
0.0
0.656934306569
0.0
1.5
-3.09090909091
0.857142857143
-8.0
-0.454545454545
0.761904761905
0.0
1.53846153846
0.888888888889
0.133333333333
0.75
0.0
-0.2
-1.625
0.0
0.142857142857
-1.25
0.175438596491
0.103448275862
-0.862275449102
-0.166666666667
-0.888888888889
0.869565217391
9.63636363636
-1.29032258065
-15.3333333333
0.813953488372
0.0
0.0
-1.71428571429
-0.148148148148
2.45454545455
0.0
9.11111111111
0.266666666667
-0.173913043478
0.0
0.222222222222
1.17948717949
2.71428571429
0.384615384615
1.41666666667
0.148148148148
-0.314685314685
0.862068965517
0.0
-0.8
-0.54347826087
0.0
-0.434782608696
0.0
13.1304347826
0.75
0.0
-1.73913043478
-2.3829787234
-0.333333333333
0.133333333333
-4.51612903226
0.851063829787
-0.1
-0.613496932515
1.53846153846
1.72727272727
-0.166666666667
0.0
0.0
0.0
-0.15
0.0
0.0
-0.0833333333333
-0.0609756097561
1.62068965517
-0.735294117647
0.229508196721
0.0
-0.890410958904
0.0
10.6153846154
0.0
0.178571428571
-0.3125
0.0
-1.21428571429
-1.64429530201
0.0
-2.41379310345
3.4782608728e-06
1.22448979592
0.294117647059
0.0
-3.83701188455
2.0
0.0
0.0
0.0
0.148148148148
0.0
-1.36842105263
-0.0995024875622
0.0
-0.078125
0.0
-1.11111111111
-0.459183673469
0.25
0.0
2.64285714286
0.0
0.0
-1.21428571429
-1.825
-0.25641025641
-1.57894736842
0.5
0.266666666667
0.0
-2.66666666667
-1.0
-2.47619047619
-0.714285714286
0.365346534653
0.0
-0.0923076923077
-0.173410404624
0.0
1.73913043478
0.0
0.719178082192
0.285714285714
0.0
-0.923076923077
-0.625
-0.486111111111
-0.3
-0.117647058824
0.0
0.0
-0.413793103448
0.666666666667
1.66666666667
0.0
-1.24444444444
1.83333333333
0.555555555556
-0.217391304348
0.0
1.87983501549
0.0
0.290697674419
0.0592592592593
0.188367729831
0.0
0.200934579439
0.571428571429
0.0
0.0
-8.0
-3.07692307692
0.0
0.15625
0.871794871795
0.0
1.90476190476
0.27027027027
-2.32558139535
-2.76923076923
0.104166666667
0.979591836735
0.217054263566
-1.21052631579
-0.553064275037
-0.947368421053
0.545454545455
-2.4154589372
0.463917525773
14.1176470588
-6.06153846154
-0.225806451613
0.625
0.0
-1.06796116505
0.514705882353
0.652173913043
0.3
0.714285714286
3.6
-0.666666666667
-1.22727272727
-1.78343949045
-1.42857142857
0.0
-0.475
0.0
0.0
0.793650793651
-1.88235294118
-0.173913043478
0.0
-0.3125
0.0
0.0
0.0
-1.19402985075
0.0
12.9032258065
0.384615384615
3.4
0.0
0.144927536232
0.631578947368
0.0
0.307692307692
-0.730769230769
-0.909090909091
0.0
-0.181818181818
2.0
-0.277777777778
0.0
0.105263157895
0.969387755102
1.53333333333
0.311111111111
3.5593220339
0.0
-2.30769230769
-1.875
-0.304347826087
0.0
0.0
-0.360824742268
1.82608695652
-6.57142857143
-2.36363636364
-0.215909090909
0.0
-0.714285714286
0.0
2.11764705882
-0.909090909091
0.142857142857
2.42857142857
-0.210526315789
0.25
0.765957446809
1.70731707317
-0.64
2.0
-0.434782608696
-5.30769230769
0.352941176471
3.0
-0.204081632653
0.0
-1.02564102564
-1.35501355014
0.333333333333
-2.25
0.740740740741
0.454545454545
-0.443037974684
0.277777777778
1.05263157895
-0.0840336134454
0.0
-0.416666666667
-1.71428571429
0.0
4.5
1.32743362832
0.0
-0.534285714286
0.0
0.0
1.33333333333
2.14285714286
-0.337078651685
0.6
0.138888888889
0.188679245283
0.0769230769231
-0.277777777778
0.3125
-0.4375
-4.63333333333
0.533333333333
-0.538461538462
1.0
2.5
0.0
0.0
3.09523809524
-0.116279069767
-1.05263157895
0.266666666667
0.0
-1.53846153846
0.0
-7.5
-0.36231884058
0.0606060606061
0.0684931506849
0.373831775701
-0.47619047619
-0.952380952381
-0.977443609023
0.0
-0.611111111111
-1.1
0.0
0.0
0.25
0.0
0.0
0.833333333333
-0.646090534979
0.654205607477
-2.28571428571
3.33333333333
0.133333333333
-0.232558139535
-0.0625
-0.95652173913
0.315352697095
0.909090909091
0.0980392156863
0.0
-0.625
-1.45833333333
0.625
0.363636363636
0.2
-0.625
1.04166666667
0.25
0.25
-2.63157894737
1.11111111111
-0.8
0.0
-6.23333333333
0.0
1.13924050633
0.0
0.897435897436
0.0
0.0
0.25
1.6
1.46853146853
0.0
1.33333333333
1.79591836735
-1.94805194805
0.12
-0.916666666667
-0.528634361233
0.55
-0.823529411765
-0.96
0.0
0.3125
-2.66666666667
-1.14285714286
0.740740740741
-0.571428571429
0.0
-0.88
0.263157894737
-0.555555555556
0.1875
0.0
0.0
-0.595744680851
0.0
-0.740740740741
0.0
-0.552147239264
-0.666666666667
1.5
0.0
0.47619047619
1.26984126984
0.428571428571
-0.428571428571
-0.315789473684
0.571428571429
0.0
-0.0454545454545
-0.555555555556
0.0
-0.51724137931
-0.0632911392405
0.666666666667
-0.625
0.352941176471
0.972762645914
0.0
-1.25555555556
0.182352941176
0.757142857143
-2.90322580645
2.68965517241
-7.27272727273
-0.75
0.96
0.344827586207
0.0
0.0
1.0985915493
1.05263157895
-1.18181818182
1.88235294118
1.0
0.0
0.344827586207
0.111111111111
0.833333333333
3.33333333333
-0.285714285714
1.4
0.0
0.0
0.333333333333
-0.526315789474
-2.7619047619
-0.416666666667
-1.2972972973
0.917431192661
0.47619047619
0.545454545455
21.1111111111
-2.5
-0.08
1.36
10.9090909091
1.61904761905
0.363636363636
-0.526315789474
0.0
-0.545454545455
-0.882352941176
-1.29032258065
-0.30303030303
0.0
0.133333333333
0.548780487805
1.65
-0.315789473684
1.80555555556
1.41025641026
0.0
0.0
-0.357142857143
3.72549019608
0.188679245283
-6.78260869565
0.206896551724
0.0
0.0
0.111111111111
0.0
-1.45454545455
-2.77777777778
0.0
1.27272727273
-0.454545454545
0.932203389831
0.0
-0.147058823529
-0.888888888889
-0.54347826087
-5.76666666667
0.0
1.92771084337
-0.166666666667
-3.03571428571
-0.171428571429
-0.235294117647
1.62790697674
-1.0
0.120481927711
-0.0704225352113
0.133333333333
-0.111111111111
1.5
0.0
-1.66666666667
-7.10526315789
1.22807017544
0.0740740740741
-0.37037037037
0.0
-0.51968503937
-1.0625
0.0
0.4
3.52941176471
-0.646511627907
0.0
-0.0662251655629
0.0
-0.140845070423
0.0
3.28
0.0
0.0787401574803
0.470588235294
0.0
0.0714285714286
-0.222222222222
0.769230769231
6.04651162791
1.9696969697
0.178571428571
-1.88524590164
0.434782608696
-0.1875
2.0202020202
0.0
-0.384615384615
0.0
0.0
-2.70909090909
0.820512820513
-1.33333333333
-0.112359550562
0.0
-0.526315789474
0.0
0.0
-0.384615384615
2.0
1.0
-1.27777777778
-0.173913043478
-0.270531400966
25.8
0.193548387097
-0.285714285714
0.0
-1.08695652174
0.0
-0.708333333333
0.0
-0.25641025641
1.42857142857
-1.32450331126
-0.125
-0.625
2.48
1.0
0.0
-0.1875
-0.333333333333
-0.882352941176
1.44827586207
5.21428571429
0.0
-0.117647058824
0.32
0.909090909091
4.63235294118
0.833333333333
-1.72631578947
-0.204081632653
0.182926829268
-1.69230769231
0.3125
-9.52380952381
-1.25
1.59166666667
-1.125
0.0
0.214285714286
1.13333333333
-1.0
0.181818181818
0.0
0.0
4.78260869565
-0.444444444444
-2.71428571429
-0.277777777778
0.375
-1.0
0.0
0.0
-0.588235294118
-0.921052631579
-0.6
-1.2125
0.0
-0.17793594306
-0.342465753425
5.38461538462
0.47619047619
1.52380952381
-0.358890701468
1.9512195122
1.5306122449
0.461538461538
0.225988700565
0.0
2.25806451613
0.0
-0.771929824561
0.322580645161
0.0
0.0
0.0
-2.20833333333
-1.0
0.0
0.0
-0.166666666667
-1.2325524447
0.311111111111
-0.30303030303
-4.70588235294
-2.33333333333
0.0
0.0
2.8125
0.0
0.0
-0.333333333333
-0.16
2.35294117647
-0.555555555556
9.85
-1.89189189189
0.0
0.08
0.777777777778
0.21875
-1.57480314961
0.342465753425
0.0
-0.157894736842
0.363636363636
3.18181818182
0.0
0.630769230769
-1.38888888889
-0.357142857143
0.128205128205
0.0
-1.47058823529
0.461538461538
0.0
-5.19230769231
0.0
3.91891891892
-0.6
-0.666666666667
0.20202020202
-0.538461538462
-0.384615384615
0.0
0.0
-1.06761565836
-0.5
0.0
-0.625
-0.470588235294
-0.181818181818
0.364583333333
0.444444444444
-0.140845070423
-0.47619047619
-2.5
0.0
0.0
-0.173913043478
0.0
0.238095238095
0.0
1.4
0.0
0.0
0.0
0.0
2.61437908497
1.1
0.0
-1.0
-0.344827586207
-0.222222222222
0.0
-0.666666666667
-0.666666666667
4.25
0.0
-0.25
0.0
0.2625
0.588235294118
13.3333333333
1.375
-0.248387096774
-0.491228070175
-0.322580645161
0.48275862069
0.0
0.0
1.0
0.0
0.142857142857
5.07462686567
0.0
0.0
1.04347826087
0.128205128205
0.24
1.31034482759
0.0
0.689655172414
0.413793103448
7.8
0.333333333333
-0.764705882353
0.338983050847
0.0
-0.311688311688
0.787401574803
-0.545454545455
0.785714285714
2.5
0.0
-0.631578947368
1.61111111111
-1.41481481481
0.0
0.0
0.269480519481
0.0
0.117647058824
3.2
-0.152284263959
-1.0
-8.32285333333
-1.73913043478
0.0
-0.384615384615
0.190476190476
-1.23076923077
0.0
1.46341463415
-0.703125
0.777777777778
-0.243902439024
-0.352941176471
-0.20202020202
-2.125
0.0
1.48571428571
0.0
-0.902255639098
1.25
-2.03703703704
2.8870292887
0.0
0.0
2.66666666667
-0.253968253968
-2.5
-0.4
0.25
0.227272727273
0.0
0.55
-1.46666666667
0.9
0.290322580645
-1.1
0.0
0.0
1.18644067797
-0.117647058824
-0.173913043478
0.0
-0.416666666667
0.5
-0.764331210191
0.0
2.375
0.127659574468
-0.24
-0.754716981132
1.51515151515
-0.972972972973
0.0
0.20725388601
-1.5652173913
3.25
-1.33333333333
-3.94736842105
0.2
0.0
-1.13636363636
-0.34965034965
0.0
2.24
-0.454545454545
0.0
-0.393548387097
2.29166666667
0.538461538462
-3.79146919431
0.21875
0.0
-0.5
4.2
-0.277777777778
0.089552238806
0.5
0.0
0.0
28.3333333333
-1.35
0.0
1.16666666667
0.459770114943
1.41666666667
-0.315789473684
0.0
0.598290598291
-1.22580645161
0.0
-2.0
0.0
-0.823529411765
0.181818181818
4.61538461538
-0.25
-2.14876033058
-0.731707317073
0.384615384615
0.825242718447
0.0
-12.6666666667
0.0
-2.0
-0.0515463917526
0.0740740740741
0.0
-1.66666666667
-1.04166666667
-0.0833333333333
0.266666666667
0.4
-0.0892857142857
-0.0757575757576
0.0
-1.57894736842
0.904761904762
0.0
0.0
-2.26666666667
1.12
0.0
0.0
0.0
1.015625
1.91256830601
0.839160839161
9.0
-0.1
0.0
-0.108108108108
-1.25
-0.047619047619
0.31746031746
0.0
0.516129032258
0.957446808511
-0.340909090909
0.877192982456
-2.88888888889
-0.6
-1.71428571429
0.923076923077
0.6845
2.62068965517
-0.444444444444
0.3
0.0
-0.0909090909091
0.0
-1.0625
0.0
-0.454545454545
-1.14285714286
-0.428571428571
-0.142857142857
0.0
-2.05128205128
0.0
1.17647058824
-1.35514018692
2.54615384615
0.0
-1.05
-0.377777777778
0.0
1.11111111111
-0.4
0.0
0.0
-1.65
2.07142857143
0.0
-1.38888888889
0.0
0.5
-1.75545882353
-1.16666666667
-0.718232044199
0.0
-0.296296296296
0.0
0.0
0.526315789474
0.845070422535
0.0
0.133333333333
-0.1
0.0445434298441
-1.79245283019
0.0
4.24
0.0
-0.378378378378
0.0
-0.892857142857
-0.122699386503
0.941176470588
0.428571428571
1.05263157895
-3.54545454545
2.08695652174
-0.0403225806452
0.0
0.576923076923
0.33950617284
-6.6
-0.652173913043
0.46875
-0.357142857143
0.0
0.0
0.0689655172414
-0.695652173913
-2.66666666667
2.10526315789
0.2
0.2
-2.13333333333
0.584112149533
-1.51162790698
-2.21621621622
0.0
0.0
-0.377358490566
0.0
0.0
-3.625
-3.63636363636
-1.875
1.25
0.285714285714
-0.10101010101
-0.648648648649
-0.876288659794
-0.625
1.66666666667
-1.21495327103
0.982142857143
-0.720720720721
-1.08333333333
0.0
-0.403225806452
-0.16
2.08333333333
0.5
0.0
1.92307692308
2.47619047619
9.11111111111
0.125
0.366492146597
-0.555555555556
-3.68181818182
0.481927710843
0.0
-1.66666666667
0.0
-0.529411764706
16.0
-2.1875
0.153846153846
0.0
0.0
0.0
0.533333333333
0.0162866449511
0.0
-1.71428571429
0.0
-0.232558139535
-1.0
-0.636363636364
0.0
5.0
-0.132450331126
0.0
0.0
0.0
0.153846153846
-1.34615384615
0.0
1.73913043478
-0.609756097561
0.132450331126
0.0
-0.28
-0.606060606061
-1.32911392405
-0.856481481481
-0.815217391304
-0.555555555556
1.66666666667
1.07142857143
-0.978260869565
-0.579710144928
0.273026315789
0.0
0.0
-5.87310588235
3.22580645161
5.0
9.42857142857
-1.05633802817
-0.142857142857
0.0
0.0
-0.408163265306
0.0
-3.33333333333
-1.5
-0.0714285714286
0.0
1.84615384615
0.4
-0.733333333333
0.0
-0.5
0.962962962963
0.113636363636
-0.545454545455
0.0
-1.21212121212
0.314960629921
0.290909090909
-5.89743589744
0.105263157895
-0.843373493976
-2.75
-2.0
0.606060606061
0.0
0.0
0.0
1.2865497076
0.0
-1.37142857143
0.483870967742
-0.280701754386
-2.81914893617
0.0
0.46511627907
-0.4625
0.416666666667
-0.923076923077
-1.53333333333
0.0
0.210526315789
-0.263157894737
0.833333333333
0.568181818182
-0.47619047619
-0.0571428571429
-1.70588235294
0.6
0.0
-2.09523809524
-0.222222222222
0.222222222222
0.0
0.0
0.0
2.06666666667
-0.352941176471
-0.196078431373
0.0
0.37037037037
-0.1
1.09756097561
-0.470588235294
0.590909090909
-1.68421052632
2.4
0.516129032258
-2.07547169811
0.0
-1.81818181818
-0.03125
-0.0819672131148
0.576923076923
-0.344827586207
-0.169491525424
0.0
1.0625
-1.44
-3.18181818182
0.918367346939
0.257731958763
0.0
0.0
-0.56338028169
-1.23076923077
-1.38709677419
2.13333333333
-1.2
0.0
-0.1
-1.0447761194
-0.1875
0.0
0.0
0.0
-0.222222222222
-0.333333333333
-3.52380952381
0.0
1.82608695652
2.10526315789
0.384615384615
0.0
0.0
0.315789473684
1.07692307692
0.0
0.608695652174
1.63636363636
0.0
0.823529411765
-0.526315789474
2.7619047619
-1.26262626263
-0.597014925373
0.0
0.0
0.555555555556
-1.5652173913
0.227272727273
1.05263157895
0.0
0.0
0.0
-0.454545454545
0.0
0.294117647059
0.0
-1.26666666667
1.1320754717
-0.857142857143
-0.131666666667
0.0
0.0
0.204081632653
-0.526315789474
-1.77777777778
2.56544502618
-1.13149350649
-1.57894736842
-2.72
11.4285714286
-0.151515151515
-0.923076923077
-0.105263157895
-10.5473684211
0.769230769231
-0.785714285714
0.0
1.82714285714
-0.266666666667
0.0
3.25405405405
-0.357142857143
0.0
-0.0625
0.0
0.5078125
1.17948717949
0.0
0.375
-0.351681957187
0.0
3.22033898305
-1.35
0.0
0.2
-0.178571428571
-4.0
1.51515151515
0.613905325444
3.6
-13.8571428571
0.0
0.0
-0.380952380952
-0.332225913621
-20.625
-5.16128765869e-05
0.444444444444
0.322580645161
0.810810810811
-0.5
-0.64
-0.559523809524
-0.119047619048
2.76595744681
-0.560344827586
-0.777777777778
2.69230769231
-0.205128205128
1.66666666667
0.0132231404959
0.151515151515
0.0
-0.533333333333
0.0
0.845481049563
3.8
-0.111111111111
2.65625
0.0
1.30434782609
0.27397260274
0.142857142857
0.0
1.66666666667
-0.5
-0.490797546012
-0.2
2.04761904762
-0.138888888889
0.315789473684
1.53846153846
-0.388582641587
-0.416666666667
0.0
-0.0510204081633
0.0
-0.375
0.533333333333
1.5
0.971428571429
2.0
0.555555555556
0.454545454545
0.178571428571
1.52112676056
0.0
-0.0769230769231
-0.631578947368
-2.76
-0.594059405941
-3.0
-0.2
-0.429447852761
0.117647058824
-0.222222222222
1.36363636364
-1.2987012987
0.51724137931
0.0
1.76
-0.142857142857
3.77272727273
-1.33333333333
-0.545454545455
-0.47619047619
0.0
-0.738095238095
0.0
2.29677419355
-0.363636363636
-0.4
0.0
0.409090909091
-0.785714285714
-0.229885057471
-1.44329896907
5.0
0.615384615385
-3.18181818182
-0.55
2.08333333333
0.595903165736
0.0
0.0
-2.0
0.105263157895
0.117647058824
0.375
0.0
-1.27272727273
1.68
0.0
-0.181818181818
0.0
0.857142857143
0.0
-0.296296296296
-1.65217391304
-0.285714285714
0.0
15.0
0.335820895522
-0.8
0.2
0.909090909091
0.654431640347
2.32
0.0
-0.151515151515
-0.5
0.0
0.0
0.0
0.213089802131
0.0
4.84210526316
0.281690140845
2.88
1.03448275862
-3.0
1.75
-0.540540540541
1.63636363636
-2.25
-2.18829516539
0.0
0.117647058824
4.07894736842
-0.602409638554
0.0
0.0
0.166666666667
0.631578947368
0.0
0.0
0.25
-1.77777777778
-1.6393442623
0.0
0.599049783103
1.23076923077
0.0
0.324074074074
2.27272727273
-1.29411764706
0.0
5.57894736842
0.0
-0.12987012987
1.5
0.333333333333
-0.416666666667
-0.47619047619
0.0
0.8
0.0
0.434782608696
0.488888888889
0.75
-0.337078651685
-13.5489714286
0.0
0.0434782608696
-1.66666666667
0.0
0.0192592592593
4.33333333333
1.38461538462
0.820895522388
0.412698412698
0.0
0.105263157895
1.14583333333
-0.657142857143
1.04347826087
0.0
0.0
1.84210526316
0.133333333333
0.105263157895
1.15789473684
1.44444444444
0.0
0.222222222222
3.02884615385
0.0
-2.08333333333
0.6
-0.0944881889764
-0.87962962963
-1.0447761194
0.0
-0.181818181818
0.512820512821
0.0
-1.94444444444
0.0
0.0
0.62962962963
3.63636363636
-1.63265306122
-6.08695652174
0.0
1.93333333333
0.114285714286
0.375
0.193548387097
-0.4
-0.916666666667
-0.571428571429
0.0
0.0
0.192307692308
0.0
-0.65
-2.0625
0.0
0.368421052632
1.57894736842
0.470588235294
-0.222222222222
0.20202020202
-0.645161290323
17.1111111111
0.0
0.0
0.135135135135
0.138461538462
2.4347826087
4.25
0.951612903226
0.303022704316
0.0
-0.705882352941
-3.0
0.0
-0.526315789474
-3.88888888889
0.0
-12.9166666667
-0.238095238095
-3.97435897436
-3.07692307692
7.0351758794
0.0
0.588235294118
-0.6
-0.153846153846
-5.76744186047
-1.14285714286
2.0
0.521739130435
0.0
0.0
0.204081632653
0.0
-3.54838709677
0.0
-1.42857142857
0.0
3.25
16.0606060606
-2.54335260116
-0.114285714286
0.666666666667
0.695662608696
0.0
0.347826086957
0.983606557377
0.873770491803
0.0
0.941176470588
-0.514285714286
0.0
-1.50943396226
0.0
-0.434782608696
-0.3125
0.365853658537
0.0
0.869565217391
0.173913043478
-4.78787878788
0.233281493002
-2.05714285714
1.6
0.0
26.6666666667
0.0
0.0
3.24324324324
0.0
0.0
0.0
-1.21739130435
0.032154340836
1.07655502392
-0.141666666667
-0.6
1.07142857143
0.153846153846
0.0
0.182352941176
-1.52173913043
0.0
-1.11111111111
-0.984615384615
0.0
0.0
6.88888888889
3.53846153846
0.5
-0.384615384615
0.0
4.16666666667
-0.225563909774
0.655737704918
1.3698630137
0.0892857142857
0.21978021978
-0.142857142857
0.0
0.2
0.0
0.31746031746
0.0
0.0
0.212765957447
2.05882352941
0.0
-3.33333333333
0.0
0.503144654088
1.5
0.287769784173
1.62162162162
2.0
-2.83333333333
-0.342857142857
11.5263157895
0.4
-0.54347826087
0.727272727273
4.28571428571
0.222222222222
0.196078431373
-0.0442477876106
0.0666666666667
-1.21052631579
0.0
0.0
-1.05882352941
-0.046511627907
2.47787610619
0.267857142857
0.243902439024
9.25925925926
-0.25
-0.117647058824
2.8
-0.4
0.818181818182
-1.51086956522
-0.56
0.4
0.0
0.588235294118
-0.625954198473
-0.368421052632
0.233333333333
-0.214285714286
0.294117647059
0.228571428571
10.32
-0.869565217391
0.0
0.10752688172
0.0666666666667
0.0
0.0
-1.02040816327
0.0
1.71111111111
0.0
-0.322164948454
0.0
-2.90441176471
-0.0952380952381
-7.55555555556
-0.132743362832
0.434782608696
0.121951219512
0.0
-0.923076923077
0.0
-0.333333333333
0.58064516129
-1.04545454545
2.90697674419
-0.555555555556
0.0
0.0931208053691
0.277777777778
-5.22222222222
-0.30303030303
0.724637681159
-0.275
2.26666666667
-1.07692307692
0.967741935484
0.3
0.0
0.795454545455
0.0
-4.0350877193
-0.243362831858
-1.75
0.0
0.0
0.3
0.264900662252
0.648648648649
0.785714285714
0.0
-0.2
1.4375
-4.08
1.51724137931
-2.0
-0.188679245283
7.50000266667
-0.2
0.204081632653
-0.470588235294
-2.4
0.0
-0.222222222222
-0.25
-2.82608695652
0.461538461538
0.0
-1.55
-0.888888888889
-5.22727272727
0.0
0.0345508390918
0.0
0.0
-0.909090909091
1.38461538462
1.69230769231
-4.54545454545
6301 6528
