58.2031067609
105.158645118
3.50367077833
295.415451979
33.9620611368
369.585343269
103.185965838
64.1827518742
127.002265589
475.621728113
98.0308729848
140.843867149
42.9978806646
104.159132852
92.1030949739
48.7613825408
124.801494118
137.650426205
89.7795866104
69.5252838288
109.337592224
173.749159062
29.1252337794
44.1429310966
55.0987246896
888.538629947
-13.2040039099
39.1603554051
137.249271187
46.6791880854
107.886285328
196.561588984
170.53694666
24.7942709092
58.2031067609
65.747823659
99.9291611128
60.3771154454
59.2370857651
104.525233782
203.833801634
88.0875914876
255.873906781
14.6304241345
16.7874379141
76.9178065812
64.5766425517
41.4619251949
49.7531250911
295.415451979
109.337592224
38.5291968939
215.66352832
263.136639572
182.131387231
-0.263258781193
34.5429388821
46.2903489348
-8.90579842698
46.2903489348
-2.14430622084
1.95311324589
24.41519769
252.189007452
98.7621746443
42.3765466523
97.7077259893
493.064810783
23.7328077893
216.638164329
137.249271187
84.3736569866
86.4778122116
45.7589280725
82.3665838503
30.4742583722
-13.6033026743
344.842383476
142.931546788
77.3173720241
35.9168070641
80.2421086827
152.857089869
528.719667533
77.2073590561
79.5381555109
169.601444531
144.639234448
17.0375531343
459.175393024
291.422775117
344.842383476
298.704536738
70.2286582004
18.6351699703
77.9369533904
29.5950459886
146.864963828
119.435523402
93.6195794726
54.9170259563
188.260736196
137.249271187
88.0875914876
143.817248225
132.343495367
-27.0393704683
533.276328658
134.792671635
128.124299218
122.421191738
308.417613885
344.842383476
92.1738241309
60.6135616161
443.642743218
930.435681219
394.269314973
34.9733707299
19.6261962972
112.270283601
29.8354172715
84.7055958585
19.8090351514
82.1986600906
158.695532484
0.747720408953
161.67199028
158.695532484
344.842383476
45.559666975
163.322628083
60.4497768833
77.9194432348
40.4037986119
140.843867149
8.4975450558
13.6093572426
592.645984469
24.7942709092
154.195647701
102.201083398
60.8431219003
131.933925675
173.749159062
43.524606276
185.104766537
18.6246355936
48.9648445201
106.262634065
72.7920674128
118.638392109
49.7531250911
87.3020562004
-8.2421980787
24.7942709092
344.842383476
49.8597891041
161.67199028
74.4376019438
106.903434175
14.6972524016
25.0659529635
-32.6207708293
294.983942124
24.7942709092
46.9237589297
98.7621746443
14.4719541424
87.3020562004
72.4636883226
64.1827518742
60.4497768833
58.2031067609
641.40397246
34.5216768916
-11.7713443064
196.561588984
205.32197747
155.198916065
64.1827518742
43.5817532255
-9.86580051032
-11.3413139879
223.521733437
154.195647701
18.6955972573
-17.9575132861
0.469038527955
125.400404236
-34.4587129134
1.21577952557
24.0112836542
270.70198623
181.751205962
278.589262533
44.9223791204
76.1752013766
212.170093667
130.145675904
-23.5351650656
15.3792715836
295.415451979
132.343495367
698.821990034
154.195647701
32.1351103745
65.3483782057
101.497013664
14.7980344454
4.78661125544
135.10948936
186.995086114
75.1811568712
180.787109546
14.6972524016
56.1702800777
76.4573113871
334.914194574
111.829706417
216.638164329
152.228144172
50.4497882738
97.7077259893
59.2370857651
109.337592224
77.9369533904
-0.618912677832
459.175393024
196.561588984
28.3648865055
134.630831788
54.9170259563
61.739756997
27.4413915574
-2.56641144761
12.8244810274
41.0656936157
107.886285328
98.7621746443
45.2731471511
28.2875348147
73.798687388
32.1351103745
19.8607915434
58.2031067609
344.842383476
459.175393024
559.025753298
87.3020562004
163.322628083
97.7077259893
408.391295401
-31.5240284169
39.026972608
109.337592224
641.40397246
27.630504339
140.455342419
86.8704206058
456.052979345
20.7339498965
41.3809064659
173.749159062
161.67199028
98.7621746443
143.111464262
111.914799657
624.856990957
134.127570251
77.9369533904
160.948516744
44.3799158991
49.7531250911
52.8569848862
47.7644766868
10.8233575151
101.250861401
5.2632293007
137.249271187
475.621728113
6.96651792219
31.0825741733
41.0656936157
122.421191738
11.9427853688
95.7113875583
11.7068574514
358.596625767
6.15805717673
83.4386503067
71.8191589381
82.1986600906
93.4097319461
64.9123925711
295.415451979
387.498502439
3.47767274255
34.7831308308
-39.7185768832
46.9778700828
33.198437294
77.9369533904
83.7507864967
63.0928229653
118.470956955
95.883791597
419.715713321
-27.289956432
8.72854864351
51.8236692884
13.7407755465
-1.49034887548
460.506987048
13.8408132568
29.5398177001
-0.438225227249
-4.76936767816
3.79841846301
286.819463892
46.2903489348
173.749159062
31.955264253
-0.263258781193
334.914194574
284.206189948
3.34273637854
96.3561302857
39.2034652158
137.249271187
294.087171292
18.9262919095
75.5047482649
40.3935547729
493.064810783
48.280794492
108.227040104
118.638392109
90.2835298897
38.960895351
-9.48929566114
92.5473297583
94.4372693832
223.521733437
41.8769798219
58.2031067609
61.7608667186
158.204366362
40.4037986119
122.421191738
113.933035844
10.8233575151
97.7077259893
28.9398212974
107.032276302
91.7397777301
-49.0234433771
28.6108188875
137.249271187
286.819463892
83.4386503067
164.270220749
104.159132852
15.528397855
-19.286993865
32.1351103745
44.7588097103
16.5149408037
82.3665838503
59.2555971556
611.747813562
-4.27883118298
-14.6758138176
-25.2263093346
128.124299218
-15.0390722951
-13.1367231638
87.3020562004
49.2847679048
154.195647701
82.1986600906
134.127570251
135.589132244
780.47251863
143.817248225
-4.43707150574
112.402647724
201.588056594
63.8532177166
87.3020562004
47.9964547118
6.96651792219
50.8182145249
38.8518349878
65.6394959843
111.313404471
-0.263258781193
408.391295401
77.7587212134
251.820182588
52.8569848862
47.7644766868
43.5271978971
0.00771586608443
295.415451979
80.2421086827
146.274127811
-5.53832024636
7.64539842281
121.739027843
105.746915113
-11.0146828168
82.1986600906
109.337592224
48.280794492
47.0071826625
54.9170259563
70.4974731001
218.535437197
38.9726276795
185.104766537
146.864963828
349.259375273
122.421191738
117.848870589
132.343495367
15.528397855
122.421191738
108.227040104
13.7385341826
173.749159062
32.3179009921
129.213966976
115.62592293
95.1198968205
6.95379313761
51.9169008169
118.638392109
40.3935547729
61.0565511084
-0.263258781193
295.415451979
137.391194515
92.1030949739
173.749159062
68.1833785452
58.3190821644
278.589262533
88.5957987371
64.9123925711
368.255140501
18.6246355936
163.257122397
113.933035844
240.9949462
119.435523402
64.9123925711
173.749159062
65.3483782057
80.2421086827
108.227040104
31.6613140414
79.5381555109
42.3346899578
41.6233459922
302.994027328
98.0308729848
334.914194574
137.249271187
51.9169008169
344.842383476
187.810864056
116.996284622
72.7920674128
109.337592224
64.7564383245
115.016589112
60.4306897064
43.371565502
32.5081164296
96.3621818375
552.371291861
92.1738241309
7.26568754885
42.1706883776
60.4497768833
39.1667607387
-30.7199532658
79.5381555109
78.8624283475
10.8233575151
34.9379440019
238.927530267
-16.5838164352
101.497013664
101.782515337
333.992569245
119.435523402
-17.031854356
408.391295401
323.659412834
83.4386503067
11.0614737685
50.5472211987
27.1538970102
270.70198623
43.9944955429
95.3301631623
79.5381555109
117.024144024
44.9223791204
87.3020562004
16.6561658054
55.174248366
107.886285328
65.5642763881
124.422694389
-32.6649466385
-20.7398878946
77.9369533904
22.319617224
26.519724407
107.146462645
-4.26752425697
85.350993115
74.5249724647
132.343495367
-29.4765957137
62.1225316194
8.86915904409
368.255140501
3.57323132251
41.0656936157
750.919076341
46.1960712213
132.343495367
5.65670223562
5.54605477627
855.422514591
97.7077259893
61.7538482447
107.146462645
137.650426205
54.2433609279
584.372897655
27.4523707512
380.257737435
169.566261662
120.165261154
77.9369533904
155.198916065
394.269314973
242.186448828
61.954364525
3.66746952422
50.7581796219
95.7113875583
-7.08572150682
654.690730254
65.3483782057
61.954364525
5.91800356506
552.371291861
8.36584844679
-13.8936198368
89.7795866104
97.7077259893
-32.3574816431
173.749159062
-13.2807082668
206.787850673
-11.8457446422
-0.984563507592
97.7077259893
46.1960712213
134.630831788
87.3020562004
101.782515337
87.3020562004
27.3671379272
611.747813562
19.8607915434
49.7531250911
32.1351103745
41.3764138057
68.1833785452
140.26196935
64.1827518742
58.3190821644
408.391295401
-28.314217249
40.3935547729
30.5986556027
87.3020562004
173.749159062
140.843867149
13.4718297508
49.7531250911
70.4974731001
-7.64720207076
62.9755257575
109.337592224
19.8090351514
7.08764300909
313.80686835
115.016589112
9.4327088431
114.904350371
31.8051506596
226.185645931
40.3935547729
22.8666223498
48.280794492
-2.33491841887
217.744559626
54.9170259563
42.2311068182
45.7589280725
154.457501908
23.6842944283
62.6682170947
82.1986600906
129.596068891
121.901091081
74.910713687
77.9369533904
14.7980344454
23.100272396
28.3598215066
72.2326374765
36.5561115192
8.28493692429
110.097841555
187.535134849
255.873906781
83.4386503067
122.421191738
36.8745795311
45.733382394
79.7037501093
157.221637775
59.2555971556
122.421191738
39.5215451159
-2.35073446328
121.64671503
40.3935547729
8.8168655345
18.1829146534
92.1738241309
21.8396178346
97.7077259893
12.1222523635
87.3020562004
90.1203409641
24.8435741486
65.0257274873
142.091093048
82.1986600906
147.134657487
15.072837952
62.6682170947
54.0775803117
109.337592224
43.668222228
137.249271187
122.421191738
45.1863954451
31.7732628329
72.4636883226
333.992569245
119.435523402
83.4401581344
493.123177968
143.817248225
36.3312286911
39.026972608
154.195647701
42.3495627123
53.855950436
49.7531250911
459.175393024
24.9362240622
49.9203568828
47.0604277899
14.7980344454
84.3736569866
789.684766952
115.016589112
54.3101863349
147.134657487
178.157705721
63.8532177166
40.0652277036
58.3190821644
137.249271187
140.843867149
137.249271187
58.1899208708
86.8356623495
35.3190889377
34.5216768916
47.7644766868
169.043353783
112.402647724
97.7077259893
33.9620611368
33.7081474027
31.0825741733
122.435162601
131.933925675
99.7846686509
11.0814679902
77.9949981273
116.996284622
107.184779574
229.824785142
276.368052997
140.843867149
81.5683197861
119.435523402
236.304192229
61.739756997
47.7826892346
-0.164583272622
-24.6713482266
82.8629361685
196.561588984
137.249271187
205.79904306
143.817248225
97.7077259893
165.577542374
69.8410943179
87.3020562004
174.853987618
23.1370639057
154.195647701
82.1986600906
119.328821019
165.577542374
552.371291861
89.2946312664
110.190120143
52.0828661456
45.733382394
68.1520961145
255.873906781
-13.5172716505
44.136394894
124.350695442
191.655904075
129.298312883
44.7936371581
42.3495627123
24.7942709092
179.587696512
17.8136781714
-46.4721641007
5.54605477627
184.699125425
88.2930723708
74.910713687
531.32705664
119.675251099
106.903434175
40.2003685881
349.259375273
30.4742583722
-18.0733911417
137.249271187
27.4413915574
415.029967259
56.9105336853
122.421191738
121.739027843
79.5381555109
109.337592224
118.977621214
69.4871256657
60.4306897064
89.8961260212
70.4974731001
165.738464973
29.390810682
-35.8878142852
443.642743218
165.52645202
48.9648445201
173.749159062
99.3522683691
-2.78652849554
119.435523402
58.0498067257
87.3020562004
187.054395794
119.675251099
-10.1481249454
82.1986600906
95.883791597
122.463292958
249.48462064
137.249271187
107.032276302
43.089942678
152.228144172
90.7865902373
408.391295401
65.6351455369
30.1939941351
61.7608667186
165.577542374
122.421191738
61.5454259178
173.749159062
394.269314973
-30.6398099638
24.41519769
106.903434175
131.086952455
20.7339498965
43.9933895106
49.7531250911
23.4481490679
54.2433609279
173.749159062
380.910684839
98.7621746443
112.402647724
57.5596107367
27.4413915574
216.638164329
535.489119251
720.913759371
97.7077259893
3.51613815115
212.170093667
0.281168956044
61.7608667186
55.2173194903
42.3346899578
107.146462645
107.70054665
65.6278836544
11.7794659033
55.4135887366
52.5498727583
75.5047482649
97.7077259893
50.8182145249
368.255140501
48.280794492
146.274127811
291.422775117
19.4278143238
173.749159062
37.1472021264
97.7077259893
5.65670223562
152.228144172
12.511022858
17.2027224616
63.8532177166
23.1370639057
108.227040104
26.519724407
269.411191717
223.521733437
5.2632293007
1.90465659077
31.0825741733
344.842383476
137.249271187
423.34398056
137.249271187
107.886285328
292.613717024
295.415451979
362.17390491
44.136394894
35.0992521839
129.089379181
598.96924128
122.421191738
201.588056594
28.6108188875
62.7487758945
181.751205962
511.59808612
15.1243456225
79.5381555109
101.782515337
127.748325113
49.7531250911
312.280981428
40.3935547729
58.1899208708
394.269314973
47.7827753036
23.1370639057
-8.31441320955
36.9693217296
34.3313424425
36.648995068
157.879642595
16.3806862745
39.7224992571
19.4536606178
92.7362739393
53.5832779372
173.749159062
82.1986600906
10.941607292
53.855950436
79.3816824801
212.170093667
131.933925675
459.175393024
89.5547927656
91.4597253799
69.4637651337
17.8849376624
56.5284477565
8.72854864351
98.7621746443
64.1827518742
493.123177968
32.1351103745
56.1702800777
36.1392046282
44.7936371581
86.4778122116
77.2073590561
38.5291968939
344.842383476
-37.5191120622
33.9620611368
44.7352085419
77.9206946505
14.7071336761
173.749159062
84.7055958585
13.4217404736
30.1822679596
55.0987246896
95.3301631623
132.343495367
38.0215175349
55.2173194903
66.3923612123
68.8945019824
61.7608667186
105.72080319
66.3923612123
124.422694389
32.5081164296
25.9346505112
68.1833785452
48.9424766019
29.5398177001
295.415451979
278.589262533
90.1203409641
-2.385317105
10.8233575151
131.086952455
47.7644766868
137.249271187
333.992569245
74.44799352
229.512876649
24.4522184659
58.6878114146
82.1986600906
46.4738983051
69.9218554098
97.491971062
87.3020562004
3.07024535694
26.9607486631
133.312331611
47.7826892346
137.249271187
-34.335154827
456.052979345
295.415451979
182.439608556
15.479122608
44.7352085419
164.270220749
188.260736196
45.7589280725
31.8051506596
163.322628083
82.1986600906
128.124299218
146.864963828
356.248598437
118.638392109
118.865417686
50.785098006
163.322628083
61.954364525
147.134657487
19.4278143238
34.3313424425
-45.7856000968
173.749159062
39.026972608
118.638392109
121.64671503
38.5291968939
115.016589112
33.9620611368
49.8259894293
46.2903489348
64.9123925711
-10.0413706654
99.3522683691
408.391295401
115.62592293
103.290534453
48.280794492
83.4386503067
475.621728113
114.381871555
206.189102422
61.6534100532
157.879642595
240.9949462
101.782515337
40.8756029808
117.024144024
70.4974731001
220.965187577
146.864963828
20.7339498965
111.092109553
291.422775117
65.6278836544
30.380420606
408.391295401
169.601444531
37.4269938092
19.8607915434
52.8598034691
36.648995068
56.1702800777
75.4630568152
41.0468085725
87.3020562004
109.337592224
97.491971062
118.638392109
160.948516744
182.131387231
38.5291968939
-42.2480336404
-17.609519173
60.0859124782
128.124299218
349.761070648
61.739756997
87.3020562004
74.910713687
154.195647701
36.9693217296
16.3806862745
88.0875914876
47.7644766868
-34.9444618343
49.4685298796
255.873906781
55.0122854495
34.7256430427
624.856990957
46.5119930873
58.3190821644
10.153423675
-2.05810420151
97.7077259893
28.3598215066
8.20495509588
109.337592224
211.130546165
82.6257623062
-4.33386613991
-30.6650888597
58.2031067609
77.3173720241
186.995086114
49.7531250911
-2.14430622084
137.249271187
419.715713321
97.7077259893
65.35034463
79.5381555109
242.004263284
29.9685579622
-17.23862633
362.17390491
64.5766425517
122.421191738
27.4413915574
111.092109553
173.749159062
291.422775117
-4.24637976229
91.330057409
49.7531250911
408.391295401
30.3130843104
109.337592224
132.343495367
79.5381555109
16.6561658054
71.7321487496
46.6791880854
75.1811568712
36.4889306558
109.337592224
-10.3927715612
137.249271187
1695.38155511
69.1062958922
142.931546788
57.1341460311
20.0109196654
154.195647701
169.043353783
118.638392109
104.525233782
-5.96879428498
137.391194515
70.2286582004
137.249271187
170.53694666
20.7505168407
76.4573113871
165.577542374
50.9932818526
206.787850673
54.6053680354
70.4974731001
56.5284477565
137.249271187
101.76431707
132.343495367
111.313404471
114.381871555
101.522419451
443.642743218
-2.385317105
39.7224992571
-7.64720207076
146.864963828
44.7352085419
19.8607915434
118.638392109
333.97998045
143.817248225
89.2946312664
344.842383476
187.810864056
64.9123925711
96.3621818375
36.0021981257
196.561588984
8.21932040516
149.588541818
173.749159062
122.421191738
291.422775117
38.5291968939
-15.0778869616
62.6682170947
789.684766952
152.228144172
64.180345649
23.100272396
100.562221104
69.9218554098
81.9726010549
329.330371874
27.4413915574
39.026972608
82.1986600906
34.3313424425
174.853987618
97.7077259893
143.817248225
501.263863466
5.91678167314
394.737177713
586.706623012
87.3020562004
44.9223791204
47.7644766868
14.4719541424
88.0875914876
60.4497768833
280.567059779
-37.6429828039
97.491971062
459.175393024
45.2325803926
51.8236692884
103.866028707
56.0671230712
37.4269938092
58.0498067257
34.9379440019
295.415451979
255.83888647
291.422775117
22.4596974538
105.72080319
36.8745795311
137.249271187
73.7011191888
27.4413915574
58.3122770054
179.587696512
61.7608667186
408.391295401
64.9123925711
18.6246355936
27.5994580327
34.9379440019
-13.1367231638
-11.8457446422
48.5949942484
67.9141780532
82.1986600906
129.641826816
173.749159062
52.9296698688
16.6561658054
112.402319262
173.749159062
61.7608667186
149.588541818
50.3222278924
295.415451979
27.4413915574
137.249271187
137.391194515
107.421777313
69.8410943179
107.886285328
42.9978806646
33.9473379455
8.36584844679
2.61421992138
58.1899208708
50.4326413699
34.4291688838
132.343495367
90.2834818486
137.249271187
186.888941864
242.186448828
20.6341558827
401.230854621
77.3173720241
6.40773486642
169.043353783
40.5774715633
85.350993115
106.955345485
10.8233575151
121.64671503
119.435523402
105.72080319
29.1252337794
48.0932835108
61.7608667186
380.910684839
5.58065380808
137.249271187
21.64605858
101.497013664
95.3301631623
98.7621746443
143.817248225
149.588541818
-51.3595803122
0.150030223655
64.1827518742
44.9223791204
194.764135913
152.228144172
137.391194515
408.391295401
92.1030949739
161.67199028
143.817248225
584.372897655
459.175393024
-0.476821396813
173.749159062
69.8410943179
143.817248225
3.51598508599
10.153423675
137.249271187
493.123177968
23.9970296234
206.787850673
24.0112836542
101.522419451
49.5327453714
160.948516744
40.3935547729
98.7621746443
511.59808612
109.337592224
75.4630568152
44.1547234029
97.7077259893
20.7505168407
98.7621746443
79.7037501093
196.561588984
79.5381555109
-49.0423826239
56.0892359367
291.422775117
19.2332481322
-13.3720504606
79.2298963689
33.9620611368
645.911248847
295.415451979
137.249271187
90.3641420649
20.7339498965
62.6682170947
22.5646339043
294.983942124
-19.7846551468
51.8236692884
-5.59847424219
87.3020562004
98.7621746443
104.208806942
196.561588984
59.2107590273
82.1986600906
378.325143523
1.5936477273
132.343495367
38.9726276795
83.7507864967
137.249271187
113.07794353
87.3020562004
-10.261404234
68.692965876
109.337592224
248.89598704
-4.85823505514
147.134657487
-3.74672273396
74.4376019438
15.5588180532
118.865417686
40.3935547729
131.933925675
35.5568475789
104.159132852
1170.9782385
63.8532177166
79.7037501093
36.3312286911
107.42036411
223.33321671
235.730100737
31.0825741733
61.7538482447
107.886285328
-34.7628708139
58.3190821644
87.3020562004
46.9261315694
117.848870589
174.853987618
27.4141748787
95.7113875583
77.9369533904
14.0723767807
56.5284477565
147.134657487
303.565030675
114.665185937
47.7644766868
-17.031289075
157.514983629
443.642743218
173.749159062
41.0656936157
101.782515337
15.0140539395
101.782515337
304.402166796
87.3020562004
14.6972524016
111.914799657
110.190120143
57.0589682293
52.9296698688
39.7825428659
46.2903489348
36.648995068
-24.6713482266
-7.81317150671
87.3020562004
12.511022858
1.04423228204
673.638927784
-6.34897189979
888.538629947
128.124299218
74.639177249
174.853987618
389.278468896
6.21750949418
28.2875348147
78.0150155361
70.2286582004
-29.8031817308
98.7621746443
-16.1456569009
119.435523402
40.8756029808
84.079170802
286.819463892
106.903434175
119.328821019
291.422775117
72.5268969186
42.3346899578
97.491971062
79.5381555109
107.886285328
12.511022858
137.249271187
59.2260259231
119.435523402
101.782515337
186.995086114
132.343495367
30.4742583722
5.59924032481
146.076238216
64.1827518742
64.9123925711
118.638392109
68.4789135385
142.931546788
61.6269507014
80.7424634385
77.9369533904
33.1580893683
116.868369984
51.9169008169
48.280794492
97.7077259893
98.0308729848
2.18268920724
57.0454868095
143.74925122
91.0507068908
132.343495367
62.5487726702
34.9379440019
108.938228465
-38.8281320525
79.5381555109
64.9123925711
86.5298826587
63.8532177166
70.4974731001
150.61542731
83.4386503067
493.123177968
62.6682170947
130.248691245
225.09754534
47.9964547118
154.195647701
-37.773890767
2.55839516109
118.977621214
13.3698003831
101.250861401
9.28361959254
161.67199028
64.1827518742
175.940460647
127.218714485
-16.5838164352
61.4260122699
291.422775117
295.415451979
97.491971062
44.9223791204
10.153423675
97.684893394
86.0169254814
48.733600074
83.4386503067
112.356958131
509.692796132
368.255140501
225.09754534
344.842383476
109.337592224
63.9632756472
68.1667529461
377.344847703
52.9296698688
16.6561658054
45.6742461975
124.202794819
-0.438225227249
154.195647701
323.659412834
291.422775117
87.3020562004
91.162087336
52.9296698688
40.3935547729
51.3986733852
40.3935547729
63.8532177166
196.561588984
2.0795664262
12.1013974097
-5.68224892333
45.8634335303
-18.4535885174
60.4497768833
76.8737697926
56.0671230712
15.8558105067
46.9261315694
291.422775117
511.59808612
10.8233575151
26.8347827633
64.9123925711
137.249271187
40.5774715633
459.175393024
109.337592224
22.7484631894
70.5990267977
120.118129658
212.170093667
62.5487726702
72.5145429205
132.343495367
62.7751359686
33.1187977108
87.3639263865
173.749159062
21.8620263106
37.5046818086
66.3923612123
61.954364525
36.1392046282
110.605697918
255.873906781
111.829706417
235.730100737
21.136106542
27.1538970102
196.561588984
80.7424634385
51.8236692884
101.782515337
55.3775032877
46.816789305
13.0850586889
97.491971062
70.4974731001
92.1030949739
90.2835298897
493.064810783
186.995086114
92.1738241309
98.0308729848
180.253493524
-11.8457446422
147.134657487
34.9379440019
164.141755589
73.4385834664
-29.4170754452
108.723698992
-41.9362844041
186.995086114
32.8692324867
58.3190821644
-13.3720504606
15.1947116085
-5.11020669478
-38.6252726474
81.5683197861
-34.5906949352
72.1562142589
24.188305586
83.4401581344
131.086952455
32.5081164296
7.55156037245
119.435523402
163.257122397
77.9369533904
122.16293598
77.9369533904
33.9620611368
303.565030675
93.4097319461
34.9379440019
29.1111506204
70.4974731001
242.186448828
598.96924128
745.253617885
-23.8865880441
64.9123925711
252.189007452
83.4401581344
49.7612939393
-18.0733911417
38.0215175349
186.220247916
40.3935547729
131.086952455
36.8745795311
77.9369533904
59.2555971556
389.278468896
56.739659573
13.0850586889
-19.1646141744
54.7277855569
137.249271187
69.5252838288
62.7424926688
69.9218554098
284.206189948
22.8666223498
187.810864056
15.528397855
69.9218554098
46.4738983051
62.6682170947
128.124299218
186.888941864
1.95311324589
344.842383476
36.8189598952
44.9223791204
137.249271187
137.249271187
64.1827518742
69.9218554098
20.1191092472
24.41519769
-20.8984466196
322.626808942
8.21932040516
34.5391429399
44.9223791204
12.3192756923
55.5189971125
97.8948710853
415.029967259
133.312331611
63.8532177166
77.2073590561
641.40397246
443.642743218
50.9381460509
87.3020562004
32.0708777945
107.886285328
34.5429388821
30.997834846
48.2015306122
-29.290248886
98.7621746443
-8.2421980787
118.638392109
-33.4209553159
87.3020562004
119.385661425
149.588541818
143.74925122
443.642743218
4.27921243281
34.3313424425
137.249271187
76.7205172572
237.433426825
-42.2480336404
394.269314973
-26.0017726441
87.1914063638
102.201083398
52.9296698688
-22.4866163316
40.8756029808
49.7531250911
359.283653633
286.819463892
168.630437964
218.535437197
196.561588984
12.6722294654
55.0987246896
223.521733437
111.829706417
122.421191738
-6.8041011627
58.1899208708
27.3671379272
35.0992521839
15.1947116085
70.4974731001
-44.0043238323
87.3020562004
41.0656936157
176.414404572
196.561588984
64.5766425517
151.308496677
107.886285328
493.064810783
-34.4587129134
143.817248225
83.1791033307
16.2605784259
155.972129895
2.31187841204
65.9008032767
1.91523475227
-16.5838164352
24.8435741486
137.249271187
49.7590342564
92.1738241309
114.665185937
42.9978806646
194.486415306
46.9261315694
-24.5536398961
39.026972608
15.1947116085
131.086952455
1.69227539943
493.123177968
23.7692956155
64.9123925711
20.0109196654
-0.263258781193
168.097791176
13.8677519663
33.7354948236
137.391194515
216.638164329
-19.4011945345
147.134657487
52.8598034691
69.4637651337
72.1562142589
31.8051506596
137.391194515
108.227040104
173.749159062
49.7531250911
118.638392109
223.75732961
888.538629947
13.6240363011
114.381871555
87.1914063638
97.7077259893
27.1218816903
73.9504442564
-59.8793515529
49.7531250911
61.739756997
0.41336524638
53.60132533
38.5291968939
10.8233575151
77.9369533904
38.8518349878
-5.68224892333
231.872582576
122.435162601
119.675251099
79.5381555109
459.175393024
-18.1823645784
118.638392109
57.6965705009
56.5691100467
35.5270229685
115.62592293
459.175393024
84.7055958585
32.5081164296
236.304192229
85.3626355011
10.8233575151
194.486415306
127.218714485
3.67933140831
28.2875348147
143.476877041
64.2676106954
72.7920674128
-3.63186303036
-8.38200412717
493.064810783
44.1303680982
-8.2421980787
-2.35073446328
173.749159062
98.7621746443
154.195647701
21.136106542
108.227040104
223.521733437
174.294404253
52.9296698688
146.274127811
196.561588984
39.026972608
39.8746980508
77.9369533904
15.479122608
323.659412834
72.2378939642
22.8666223498
19.1193951539
65.4404842407
119.435523402
42.6050575168
122.435162601
24.9362240622
107.984720808
87.3020562004
196.738993143
23.100272396
146.242916132
45.0544611035
21.4214527765
415.029967259
143.817248225
48.8122566699
61.8786648049
109.337592224
67.0104509393
22.4900659732
-18.1823645784
97.491971062
-12.4094215644
27.4413915574
64.9123925711
143.817248225
86.4778122116
17.8506095233
4.13153599114
67.0812242529
83.7507864967
30.1939941351
62.6682170947
54.7277855569
511.59808612
61.6707716513
82.1986600906
135.10948936
64.1827518742
126.333251697
439.202889062
443.642743218
28.6108188875
58.2031067609
16.0377312711
66.267656251
49.2847679048
69.9518686064
37.8670702006
138.949062414
59.4662214551
493.123177968
61.7608667186
173.749159062
44.7283941976
99.4734824376
154.195647701
112.402647724
154.195647701
408.391295401
56.5284477565
-0.164583272622
147.134657487
454.116787575
87.3020562004
12.4402676621
87.3020562004
69.050723577
97.7077259893
144.639234448
169.043353783
23.4324819138
31.0825741733
196.561588984
408.391295401
88.0875914876
-45.8903397974
32.9169749329
50.1790825382
44.136394894
39.4004497045
73.0390004478
408.391295401
116.970446599
531.32705664
57.0589682293
146.864963828
160.948516744
178.350751566
137.249271187
67.9141780532
69.4637651337
14.6069834881
132.521156852
49.2847679048
119.435523402
143.74925122
895.231786032
32.1351103745
52.9296698688
423.34398056
-2.50790667443
28.3445517651
49.5327453714
212.340560155
109.337592224
175.940460647
152.228144172
49.6334519144
97.491971062
79.7037501093
84.7055958585
119.435523402
154.195647701
130.248691245
61.7608667186
95.9704934438
-8.2421980787
108.023211688
39.026972608
255.873906781
111.313404471
99.1235495455
-14.7512634499
673.638927784
101.497013664
71.7321487496
77.9369533904
44.7588097103
106.903434175
109.337592224
295.415451979
217.744559626
284.206189948
-27.8100420505
40.3935547729
-8.90579842698
89.7795866104
203.833801634
45.7589280725
66.8391970202
64.9123925711
818.753932484
79.7108411077
42.2069769707
1024.40267662
236.304192229
291.422775117
115.62592293
49.7531250911
61.7608667186
188.260736196
83.4386503067
4.27022945603
173.749159062
2.67543165978
45.9102784575
223.521733437
406.38966939
97.491971062
-10.1445794461
91.5072404754
82.7450890266
106.011986903
415.351226785
164.474848052
208.064908912
43.371565502
40.3935547729
97.491971062
82.1986600906
55.5054890252
46.9261315694
12.3148438183
10.8892895781
65.4404842407
74.910713687
22.8305573645
101.250861401
109.337592224
295.415451979
49.7531250911
552.371291861
-27.2034037484
46.9261315694
98.7621746443
-27.8367346939
146.864963828
51.7768159707
61.7608667186
9.23547847774
-19.2272870411
51.8236692884
240.9949462
99.3522683691
7.99587165715
338.871046805
226.185645931
-23.8105830826
236.304192229
598.96924128
24.0112836542
87.3020562004
47.8252467751
443.642743218
137.249271187
77.9369533904
49.2847679048
-32.6649466385
114.904350371
44.9713981913
115.62592293
-3.80744209915
52.7971299094
9.58410635466
143.817248225
88.0875914876
11.2175813007
-18.0889184335
308.417613885
109.337592224
87.3020562004
39.1603554051
129.950383872
41.3764138057
15.479122608
87.1914063638
61.7859233797
5.02581623179
-21.8121494138
323.659412834
210.652996124
119.435523402
344.842383476
-19.510700069
97.7077259893
154.195647701
109.337592224
77.9369533904
43.371565502
-0.256580271702
45.8634335303
173.749159062
55.5140551863
107.886285328
85.599211684
61.7608667186
552.371291861
172.212177137
122.421191738
344.842383476
522.26109233
-20.3558685339
101.250861401
95.2128500971
181.100669155
31.0825741733
31.5086171939
23.2063845168
64.9123925711
-36.9374676452
154.195647701
91.5197723969
109.337592224
5.02581623179
97.8259954288
45.9324145316
-30.6976403685
63.8088406754
11.7254588235
28.3598215066
-0.263258781193
611.747813562
109.337592224
180.787109546
106.011986903
-29.2690374026
-2.09635500981
140.843867149
475.621728113
57.1979016533
303.48515508
10.8233575151
225.264855124
38.2802427399
196.561588984
369.585343269
-3.74672273396
81.1529739005
122.421191738
17.3963358174
29.5950459886
140.843867149
180.253493524
44.1303680982
176.414404572
79.5381555109
142.178976898
476.521472393
11.7254588235
39.277993073
72.0132712897
57.9935768496
45.8932670803
98.223447518
163.322628083
111.161307616
124.202794819
173.749159062
104.208806942
49.7531250911
137.249271187
10.6418549699
109.337592224
349.259375273
28.3598215066
36.1392046282
109.337592224
291.422775117
87.3020562004
137.249271187
3.07024535694
64.4308896131
16.0552650644
173.749159062
53.3939253366
55.5140551863
61.739756997
53.60132533
163.322628083
102.201083398
62.4400791348
85.599211684
63.8532177166
13.8677519663
134.630831788
889.474355427
28.6053877322
87.3020562004
50.9381460509
291.422775117
66.3923612123
35.9795797731
64.9123925711
-6.65336269561
152.228144172
69.4637651337
61.7608667186
10.153423675
55.0626894388
58.3190821644
43.161378763
64.6167482136
53.1711679524
-3.09127492232
70.832381893
552.371291861
5.30284895894
180.253493524
30.4742583722
105.900525855
82.3665838503
12.3148438183
43.3443927414
13.1383804236
109.337592224
137.650426205
-10.0477858703
745.253617885
72.7920674128
160.948516744
118.865417686
77.3173720241
47.9964547118
113.933035844
27.4523707512
132.343495367
124.202794819
393.729927655
-11.7713443064
97.491971062
64.7564383245
-18.1823645784
-11.087401239
119.435523402
13.0159111185
-23.8865880441
294.983942124
474.875959681
32.4043627515
231.872582576
49.7612939393
131.086952455
408.391295401
119.435523402
141.125692467
52.5769774011
30.4742583722
108.227040104
313.80686835
13.6649820668
32.1351103745
109.337592224
109.337592224
356.248598437
291.422775117
56.1702800777
40.3935547729
122.421191738
143.817248225
77.9369533904
104.208806942
49.7590342564
19.476304585
61.7538482447
50.785098006
134.630831788
68.1833785452
174.294404253
182.439608556
493.123177968
137.249271187
103.185965838
109.337592224
127.218714485
137.249271187
30.4742583722
154.195647701
47.7644766868
223.521733437
127.002265589
-1.49034887548
147.134657487
196.561588984
30.9485759494
24.8435741486
53.5832779372
-41.2304964281
106.903434175
119.435523402
26.4803465365
344.842383476
255.577767046
112.301367897
210.434638981
196.561588984
84.7055958585
201.094442397
24.9362240622
5.65670223562
63.8532177166
89.7795866104
493.123177968
48.8135403851
47.7644766868
107.886285328
41.2313202682
27.4413915574
48.280794492
44.7352085419
229.153285103
67.3015384615
35.9795797731
146.864963828
133.312331611
-9.76255256309
24.0112836542
174.853987618
44.3799158991
30.9485759494
137.249271187
6.69511851314
133.097265265
38.5291968939
58.3190821644
-38.9624429217
10.153423675
5.65670223562
186.995086114
26.8347827633
137.94213381
91.1785561268
111.313404471
-8.97204088283
29.7077858342
4.47892448214
125.400404236
87.3020562004
201.588056594
13.1383804236
38.5291968939
55.9928386365
44.7588097103
169.043353783
142.931546788
25.7439335065
109.337592224
8.56910728269
50.785098006
34.9379440019
5.65670223562
-8.2421980787
87.3020562004
52.5769774011
102.201083398
45.7589280725
56.0506835396
349.259375273
10.8233575151
57.9935768496
14.6972524016
60.4303619684
-4.85896647238
102.201083398
100.603242235
-26.3741480647
119.435523402
2.05261003211
161.67199028
115.016589112
-21.7154449767
35.8944101035
146.274127811
88.0875914876
47.7644766868
8.36584844679
641.40397246
16.7874379141
-13.4360359233
109.337592224
147.134657487
47.7644766868
61.7608667186
97.491971062
7.69695061186
28.6108188875
109.337592224
92.1030949739
163.322628083
109.337592224
79.5381555109
11.210595869
66.969877462
104.208806942
150.61542731
111.092109553
143.74925122
511.59808612
29.5950459886
19.4278143238
269.411191717
47.7644766868
83.4401581344
291.422775117
20.7339498965
23.4082228511
132.343495367
269.411191717
58.8838703444
28.6108188875
28.3445517651
77.7587212134
158.842893207
32.6975714709
-21.8121494138
203.833801634
34.9379440019
270.70198623
49.7531250911
152.228144172
15.2903873031
-9.52574393109
511.59808612
55.0987246896
116.996284622
493.064810783
408.391295401
105.72080319
-19.510700069
173.749159062
168.696559268
493.123177968
87.3020562004
173.749159062
58.4336174701
58.1899208708
1.95311324589
87.1914063638
40.3935547729
45.7589280725
137.249271187
107.886285328
79.0791563316
8.92386604479
40.3935547729
36.1829265603
284.206189948
101.782515337
132.343495367
177.058393788
173.749159062
-21.6406619041
-18.9326338536
106.011986903
54.6053680354
1189.39821297
70.7261636046
80.2005813253
119.435523402
8.42161837477
114.381871555
147.134657487
121.912100927
137.249271187
170.53694666
92.1030949739
344.842383476
43.371565502
44.4104973187
15.479122608
-15.0390722951
124.202794819
47.9964547118
223.521733437
63.2449113673
5.92349020118
45.1863954451
2.10786085403
64.1827518742
212.170093667
12.3148438183
120.278249212
58.3190821644
51.3143628448
54.9170259563
73.7678796425
64.9123925711
-0.263258781193
122.421191738
304.402166796
77.9369533904
140.843867149
119.328821019
5.65670223562
146.864963828
137.391194515
-15.4728782919
74.4376019438
45.1863954451
-40.0998028785
-3.91308793456
65.3483782057
53.9086933976
109.337592224
-25.3466513767
304.885911313
206.787850673
12.3148438183
34.5216768916
355.496650227
97.7077259893
75.1811568712
720.913759371
408.391295401
77.7888835228
65.3483782057
60.3771154454
173.749159062
344.842383476
82.8629361685
3.51613815115
493.064810783
186.995086114
6.14050601818
-36.2060657596
53.5824474474
14.6972524016
97.7077259893
168.77073639
97.684893394
97.7077259893
59.592637972
6.15805717673
44.7609870592
33.6051079137
122.421191738
255.873906781
129.394504803
91.4649514861
298.704536738
88.0875914876
493.123177968
77.9369533904
480.858738418
77.9369533904
40.3586166125
115.103120745
20.7339498965
137.249271187
-23.5351650656
31.0825741733
27.3808207385
286.819463892
110.576276202
31.0825741733
77.3173720241
5.91678167314
-23.5351650656
169.601444531
349.259375273
196.561588984
408.391295401
-51.2962834813
124.202794819
14.151304487
33.9620611368
154.195647701
52.9296698688
53.2057923803
91.162087336
99.6817252524
-21.8121494138
109.337592224
3.09149536287
368.255140501
60.7635236094
103.599970167
65.3483782057
-14.1339256252
163.322628083
58.2031067609
158.695532484
408.391295401
128.124299218
11.8350786048
182.131387231
67.582815749
109.573222511
134.127570251
7.50829455604
150.912035331
169.043353783
98.7621746443
9.62437337943
48.280794492
110.190120143
11.4272922778
87.3020562004
41.0468085725
77.3173720241
79.7037501093
106.082282235
46.9261315694
137.249271187
154.195647701
106.903434175
70.4974731001
48.280794492
334.914194574
93.4097319461
143.817248225
119.435523402
111.092109553
49.7531250911
278.589262533
95.5351136158
97.491971062
181.100669155
174.43299282
191.726867061
173.749159062
137.249271187
62.6324275621
111.313404471
60.4306897064
-8.10241079718
13.1695401559
132.212532386
118.638392109
76.4573113871
58.8822590009
31.5924885533
122.421191738
173.749159062
64.1827518742
624.856990957
75.5047482649
15.5588180532
203.833801634
48.280794492
42.3495627123
87.3020562004
72.5145429205
-8.2421980787
128.124299218
172.67907478
38.5291968939
163.322628083
-23.1587620105
56.5284477565
52.8598034691
105.72080319
41.0570271669
673.638927784
79.5381555109
171.659470825
40.3935547729
32.1351103745
20.7339498965
344.842383476
40.3935547729
27.3831695576
747.318825669
789.684766952
36.8745795311
154.195647701
48.280794492
142.931546788
92.1030949739
-11.0402783826
127.218714485
154.195647701
39.4004497045
132.343495367
106.903434175
225.09754534
117.848870589
298.092714413
205.731083845
57.0589682293
26.519724407
122.421191738
59.3017394467
252.189007452
137.249271187
107.886285328
79.5381555109
113.447883304
24.0112836542
173.749159062
70.4974731001
213.479319146
109.337592224
97.7077259893
9.23547847774
169.601444531
24.7942709092
30.4295290701
109.337592224
-0.24512605042
34.5945251409
-23.5351650656
5.65670223562
4.27022945603
119.435523402
23.0456594973
61.7608667186
84.7055958585
-4.41895633198
295.415451979
195.528953374
62.6682170947
167.242180057
79.5381555109
92.1738241309
79.5381555109
284.206189948
598.96924128
27.1538970102
154.195647701
493.123177968
708.804333593
118.638392109
44.9223791204
110.473332838
137.249271187
63.8532177166
19.4195194423
-1.27362340406
61.739756997
36.1392046282
106.685472757
13.3012457376
32.1351103745
394.269314973
104.159132852
65.6351455369
24.9362240622
624.856990957
-0.263258781193
107.886285328
112.402647724
11.0814679902
107.886285328
173.749159062
-10.1481249454
77.9369533904
691.595410822
112.402647724
69.4637651337
95.3301631623
333.992569245
77.9369533904
459.175393024
52.9296698688
2.67543165978
-23.5351650656
63.0928229653
18.6246355936
6.40773486642
180.253493524
33.9620611368
206.787850673
160.948516744
46.7113728173
31.5924885533
105.72080319
36.1060885683
-46.5856352498
31.0825741733
97.7077259893
344.842383476
451.299683263
8.21932040516
64.1827518742
39.277993073
97.7077259893
65.4404842407
50.4326413699
186.995086114
69.4637651337
50.9381460509
143.006574521
14.6972524016
30.5381933203
62.9755257575
47.0604277899
76.4573113871
71.7995158303
137.249271187
116.996284622
154.195647701
0.891257668712
45.733382394
140.843867149
65.3483782057
240.9949462
431.006619309
196.561588984
107.170004384
77.1589766489
34.5216768916
16.7874379141
42.3346899578
119.435523402
83.7507864967
-50.3954865383
115.900710403
48.2172113074
-10.6345140389
143.817248225
368.255140501
30.4742583722
173.749159062
28.3442895747
165.577542374
92.7362739393
-18.0663330885
63.8778977852
493.064810783
29.5950459886
66.3923612123
-4.60670488135
37.8544212667
173.749159062
71.7321487496
-19.510700069
14.6972524016
-42.6513737992
58.2031067609
11.8997584406
109.337592224
109.337592224
92.1738241309
56.0892359367
109.573222511
50.8511738981
408.391295401
6.69511851314
40.8756029808
65.4404842407
205.79904306
27.3808207385
40.2827310318
91.1647637768
61.4260122699
83.3493596645
76.5815111392
10.8233575151
31.0825741733
611.747813562
90.3724364606
344.842383476
26.8880513596
118.638392109
73.5967815567
-57.1905307043
173.749159062
87.3020562004
42.5170161678
55.0141045678
24.0112836542
182.131387231
97.684893394
-12.9465075724
154.195647701
87.3020562004
48.6127101975
74.910713687
92.6029555211
29.5950459886
56.5284477565
97.8488464264
53.5832779372
173.749159062
42.1706883776
36.648995068
43.371565502
312.846759607
83.4401581344
31.0825741733
284.206189948
69.9218554098
18.5058141423
23.0103697347
45.2075246091
149.114216466
135.078014288
147.134657487
87.3020562004
64.5766425517
165.577542374
192.828749332
62.5487726702
-19.6182381953
47.7826892346
107.886285328
61.7608667186
109.337592224
217.744559626
109.337592224
127.218714485
47.7644766868
-7.59946898382
125.236649861
85.2867729735
68.1667529461
34.5216768916
82.1986600906
708.804333593
52.8598034691
75.092334149
79.5381555109
61.7608667186
-16.0435663259
82.1986600906
10.153423675
59.2107590273
236.304192229
49.1822497693
137.249271187
156.483079301
34.9379440019
137.650426205
135.627356343
368.255140501
117.848870589
254.004412873
122.421191738
111.313404471
114.665185937
223.521733437
79.7037501093
81.5683197861
88.6159002598
334.914194574
173.749159062
308.548779681
24.1187305016
142.931546788
53.3002559149
-32.9758855291
48.9648445201
40.8756029808
83.5156038426
87.3020562004
8.4975450558
42.3495627123
-10.1481249454
141.26468285
493.064810783
24.7942709092
52.9296698688
31.0825741733
-2.80371550856
109.337592224
11.231646479
132.343495367
109.772282061
52.9296698688
109.337592224
35.5270229685
143.817248225
205.79904306
109.337592224
-28.8844465909
10.8233575151
205.79904306
64.9123925711
118.865417686
295.415451979
148.904436932
28.2875348147
117.84773209
107.886285328
83.5156038426
2.57063362402
25.7134887619
31.7732628329
143.817248225
161.67199028
27.4413915574
61.7608667186
-8.2421980787
36.2013593531
169.043353783
13.5790173228
104.208806942
147.145504727
196.561588984
60.7521877214
56.7186761917
107.032276302
65.5642763881
87.3020562004
97.7077259893
39.7938482559
226.185645931
75.1811568712
39.5215451159
73.78371576
79.7037501093
8.44547806311
56.5284477565
137.249271187
111.829706417
271.198423368
15.5281359834
137.249271187
152.228144172
79.5381555109
128.124299218
14.6972524016
91.330057409
-50.6678484294
-19.510700069
111.914799657
132.343495367
91.162087336
47.5243187419
129.641826816
-2.78136530838
165.577542374
137.249271187
203.833801634
77.9369533904
67.4483975466
97.7077259893
48.280794492
106.797875458
111.313404471
255.83888647
109.337592224
79.5381555109
132.343495367
117.848870589
108.032242934
-9.48929566114
64.1827518742
-2.02865809509
25.7134358299
68.692965876
20.2256063812
380.910684839
91.3661417013
5.54605477627
34.5429388821
79.5381555109
45.5109346216
115.016589112
43.371565502
119.435523402
48.2873028359
44.9223791204
44.4104973187
49.7531250911
291.422775117
88.6159002598
691.595410822
79.5381555109
109.337592224
122.421191738
71.7321487496
5.89045789618
91.162087336
5.30284895894
60.4825937883
83.7507864967
33.7081474027
102.201083398
349.259375273
143.817248225
109.337592224
42.481058884
493.123177968
11.9427853688
611.747813562
52.9296698688
7.81296146492
87.3020562004
889.474355427
182.131387231
163.322628083
20.7339498965
56.1702800777
75.4630568152
69.4637651337
10.3809877877
244.925575808
65.4404842407
58.1899208708
313.80686835
163.322628083
-13.491124031
64.9123925711
40.3935547729
304.402166796
164.141755589
69.9218554098
111.313404471
24.9362240622
17.8849376624
10.8233575151
89.7795866104
122.435162601
394.269314973
44.1429310966
240.9949462
196.561588984
122.421191738
139.16533465
-1.25457793944
41.9729818888
40.3935547729
69.8410943179
86.3917976746
87.3020562004
137.249271187
127.002265589
48.280794492
24.9362240622
-10.1829046382
-37.4490663223
31.0374227225
61.9938074857
49.8259894293
295.415451979
104.654892292
58.2031067609
118.638392109
92.5473297583
206.189102422
4.13153599114
74.910713687
154.195647701
52.9296698688
15.1243456225
69.4637651337
69.788123686
54.7277855569
22.8666223498
39.7938482559
1.95311324589
51.8236692884
112.402647724
22.7151402692
14.7071336761
8.57074029439
87.3020562004
-13.8836812618
42.3346899578
102.201083398
37.9702303234
169.043353783
592.645984469
21.6010492196
-0.263258781193
63.8532177166
24.7942709092
92.1738241309
79.961169987
1077.94566122
111.092109553
255.83888647
48.9424766019
22.0813519764
42.9978806646
95.3301631623
204.71512366
105.746915113
52.9296698688
297.524349289
-6.0737973842
31.6613140414
38.5291968939
201.094442397
54.9170259563
177.058393788
408.391295401
23.100272396
109.337592224
14.6972524016
137.249271187
122.435162601
33.7127507333
12.3148438183
895.231786032
24.7942709092
45.1098853627
67.8650503683
59.592637972
-17.9086240629
104.777703916
124.202794819
65.747823659
-10.0477858703
87.3020562004
291.422775117
19.2107724063
58.3190821644
154.195647701
217.744559626
65.4404842407
154.195647701
69.4637651337
131.933925675
552.371291861
122.435162601
108.986212764
54.7277855569
61.7460860459
41.4506235606
48.280794492
10.8233575151
23.1370639057
115.016589112
148.022567308
4.47892448214
14.4719541424
82.1986600906
38.9726276795
132.343495367
22.8666223498
484.213097189
12.3148438183
-54.5010294927
-6.33112602053
52.9296698688
12.4402676621
33.9620611368
38.10627347
44.9223791204
-8.2421980787
45.7589280725
334.914194574
57.505362799
137.249271187
52.8569848862
41.0656936157
79.5381555109
74.910713687
169.043353783
110.605697918
36.8745795311
66.0865406084
1.95311324589
173.749159062
12.1222523635
404.456288344
100.603242235
137.249271187
115.016589112
169.043353783
349.259375273
172.212177137
87.3020562004
68.8945019824
6.15805717673
12.5137484191
-1.92623228753
511.59808612
10.1198388783
347.771141475
163.322628083
87.3020562004
112.402647724
137.249271187
-15.3890977444
344.842383476
-15.5627948914
443.642743218
259.468592708
76.4573113871
182.131387231
-13.0578176717
226.185645931
255.873906781
97.491971062
14.7071336761
14.4719541424
87.3020562004
456.052979345
236.304192229
295.415451979
255.873906781
23.100272396
87.3020562004
117.84773209
116.868369984
196.083793583
3.79841846301
130.145675904
87.3020562004
-23.5351650656
53.855950436
80.5191696439
48.756184584
64.9123925711
43.0762341634
-8.12460675163
97.7077259893
155.198916065
344.842383476
344.842383476
72.0083031372
137.249271187
43.7189899202
196.561588984
21.5032872603
276.368052997
106.011986903
7.64539842281
50.7800782518
47.7644766868
63.0928229653
27.3808207385
69.4637651337
57.9935768496
-1.49034887548
97.7077259893
34.508794992
223.521733437
43.371565502
14.4719541424
105.72080319
49.7590342564
298.704536738
19.0382904023
22.5646339043
256.819561181
91.0507068908
137.249271187
67.1693685295
24.7942709092
154.195647701
178.026489673
97.7077259893
47.9964547118
56.5284477565
128.124299218
122.421191738
-8.97043460188
30.0035172333
187.810864056
-0.263258781193
40.7994019672
14.6972524016
70.2286582004
178.157705721
62.6682170947
104.159132852
55.5688358482
39.7938482559
172.212177137
109.337592224
60.4497768833
48.280794492
-21.2473186005
-58.1300128213
82.1986600906
-23.5351650656
30.3130843104
78.3139930981
101.250861401
25.7439335065
173.749159062
74.910713687
186.888941864
111.137201783
137.391194515
169.043353783
34.3313424425
88.0875914876
245.70060685
-3.43862773257
46.4738983051
173.749159062
119.435523402
127.002265589
323.659412834
24.3020026301
1.95311324589
122.435162601
10.8233575151
291.422775117
-2.50790667443
93.4097319461
9.09018056215
25.7134887619
78.3139930981
312.52526813
173.749159062
177.332151633
61.739756997
334.914194574
38.8518349878
131.601492252
36.648995068
69.4637651337
23.4324819138
79.5381555109
79.5381555109
34.7831308308
638.822383434
115.62592293
63.8532177166
30.1419000647
368.255140501
74.910713687
-47.922402346
27.2718773225
76.094503726
28.3598215066
186.179885356
92.1030949739
51.9169008169
62.6682170947
-2.50790667443
-22.5479970689
195.528953374
85.599211684
34.3313424425
40.4037986119
62.4400791348
77.9369533904
1012.10595869
98.0308729848
349.259375273
66.2691988428
16.7874379141
95.5351136158
63.6646175859
108.227040104
72.7920674128
99.5112692191
23.9970296234
77.9369533904
269.411191717
-4.26752425697
182.131387231
77.9369533904
109.337592224
65.5642763881
46.9261315694
467.279384227
41.0656936157
10.153423675
69.4637651337
6.15805717673
109.337592224
179.587696512
104.334945896
49.4685298796
78.256321896
137.249271187
295.415451979
196.561588984
52.9296698688
119.435523402
107.886285328
28.8643692036
-3.49412685983
657.178525066
13.9841441308
15.1947116085
349.259375273
97.491971062
10.153423675
85.599211684
97.7077259893
7.51283675813
72.2326374765
107.886285328
30.9211928795
191.699923591
295.415451979
112.402647724
369.585343269
26.6552657315
137.249271187
80.2421086827
56.1702800777
137.391194515
60.4825937883
52.8598034691
-20.8984466196
122.421191738
157.879642595
116.996284622
51.8236692884
152.228144172
195.528953374
182.439608556
124.422694389
222.95608508
464.262774463
9.23547847774
263.136639572
443.642743218
-3.49412685983
535.489119251
49.7531250911
71.2933877732
80.49146929
174.853987618
64.9123925711
344.842383476
107.886285328
92.1738241309
113.933035844
104.208806942
334.914194574
212.170093667
20.7339498965
118.638392109
107.886285328
7.50829455604
45.7589280725
83.0923728814
191.517856145
118.638392109
63.4489613952
245.584134826
294.905506384
10.153423675
45.733382394
64.1827518742
165.577542374
10.153423675
213.138220093
163.322628083
459.175393024
3.50367077833
408.391295401
12.3148438183
119.435523402
137.249271187
408.391295401
72.3765776458
153.194834695
134.127570251
177.058393788
134.630831788
186.995086114
97.491971062
88.0875914876
48.280794492
92.1738241309
127.735503933
-30.3235412849
87.3020562004
88.6159002598
58.3190821644
32.8692324867
142.931546788
51.8236692884
56.1702800777
-8.2421980787
107.802778399
236.304192229
5.65670223562
283.014480951
137.249271187
291.422775117
8.72854864351
115.016589112
33.2737685222
223.521733437
408.391295401
-18.0733911417
25.7439335065
91.162087336
10.8233575151
58.3190821644
119.435523402
55.5189971125
137.249271187
95.6605596956
81.1529739005
30.9638283318
84.571935572
-22.2429724069
150.61542731
105.72080319
441.096602026
97.7077259893
97.7077259893
186.220247916
456.052979345
72.5268969186
17.6076760651
95.5351136158
34.7256430427
87.3020562004
30.8828512469
-9.80273076376
87.3020562004
196.561588984
-12.2476258675
118.638392109
40.3935547729
297.524349289
225.642907751
107.886285328
212.170093667
157.879642595
39.6568235294
83.4386503067
-29.4765957137
196.561588984
52.9296698688
38.5291968939
30.4040644837
45.1863954451
77.9369533904
344.842383476
-9.64865135436
44.2732734612
109.337592224
96.3621818375
53.9086933976
22.319617224
73.798687388
90.3724364606
35.2850367137
33.9620611368
32.5081164296
16.6561658054
146.864963828
31.8051506596
22.0615819209
368.255140501
69.1970023555
154.195647701
142.931546788
638.822383434
161.968791753
49.2847679048
120.118129658
-4.93982951793
297.524349289
122.435162601
291.422775117
25.5743454945
20.0936075602
50.785098006
390.731084767
186.220247916
94.4372693832
87.3020562004
641.40397246
401.824070662
196.561588984
16.676865241
-3.13638522662
-0.263258781193
158.842893207
21.0797658162
36.648995068
11.0956412315
11.0814679902
72.0132712897
173.749159062
122.421191738
45.5109346216
-11.3413139879
44.9223791204
98.7621746443
19.8607915434
5.65670223562
77.1589766489
85.5150208043
-23.5715075569
93.0117462803
-5.27918161104
60.4497768833
27.2718773225
109.337592224
6.99501813299
111.313404471
89.881778785
75.6980557546
143.817248225
47.0071826625
97.491971062
26.519724407
35.5568475789
61.7608667186
147.134657487
12.3148438183
201.407115584
23.9970296234
223.521733437
240.9949462
19.685918698
95.8072899804
344.842383476
97.7077259893
137.852583819
40.3935547729
25.7134887619
23.100272396
48.3694965716
30.380420606
146.864963828
6.55874983522
49.4690657369
55.5652730824
82.1986600906
270.70198623
-5.96525755991
140.843867149
41.3764138057
48.280794492
132.212532386
175.649841631
-18.6256120527
69.0370165068
116.996284622
24.7942709092
291.422775117
80.4748948738
40.3935547729
62.6682170947
44.1303680982
638.822383434
140.455342419
291.422775117
14.0838129553
39.7938482559
168.097791176
14.0838129553
92.7362739393
294.087171292
611.747813562
-7.64720207076
295.415451979
213.479319146
104.960688539
930.059934517
26.1131698179
408.391295401
368.255140501
97.491971062
12.511022858
79.5381555109
44.136394894
59.2107590273
493.123177968
29.7077858342
-29.1883270039
248.89598704
49.7531250911
215.285180215
280.567059779
77.9369533904
58.2031067609
23.100272396
223.521733437
106.011986903
107.197569124
5.19779621283
61.5988374668
169.875888004
394.269314973
101.497013664
31.0825741733
130.145675904
408.391295401
456.052979345
291.422775117
45.8956278285
107.032276302
24.7942709092
27.4413915574
39.026972608
-36.3973599035
9.71776170113
107.886285328
-43.8425780908
57.9542734384
75.4920456731
40.8756029808
789.684766952
98.7621746443
154.195647701
178.026489673
52.9296698688
-20.8984466196
48.8135403851
45.8634335303
69.1062958922
97.491971062
-5.56737506117
102.201083398
31.046571993
0.748506831897
124.202794819
165.577542374
263.777336554
154.195647701
-21.8121494138
4.27022945603
64.9123925711
121.912100927
22.8666223498
41.0656936157
47.7644766868
129.414267352
127.218714485
106.011986903
33.9620611368
101.250861401
142.931546788
69.5252838288
99.3522683691
153.194834695
-28.4095690061
56.5284477565
105.017282891
137.249271187
87.3020562004
64.9123925711
27.630504339
20.768649267
58.1899208708
40.8756029808
80.2421086827
134.127570251
30.4742583722
119.435523402
16.5182536935
76.9178065812
137.249271187
118.638392109
-27.3840893035
60.4825937883
69.1062958922
124.202794819
87.3020562004
87.3020562004
87.3020562004
92.7362739393
54.7277855569
55.2173194903
3.07024535694
17.3963358174
40.7742050774
511.59808612
106.797875458
-6.8041011627
-22.5559868752
57.9935768496
122.421191738
98.7621746443
105.158645118
5.65670223562
154.195647701
76.4573113871
21.4657733938
188.260736196
23.0456594973
137.249271187
10.153423675
349.259375273
295.415451979
3.2529856387
109.337592224
186.995086114
282.142462215
59.592637972
97.4891630572
47.5926791526
14.2234618763
-16.6112542373
92.1030949739
109.337592224
134.792671635
27.8587088355
27.0978238503
167.967396285
39.6568235294
33.9620611368
10.8233575151
353.686961894
93.4097319461
115.62592293
172.212177137
137.249271187
67.0812242529
98.0308729848
35.0036525115
67.1693685295
143.817248225
147.134657487
46.9778700828
101.782515337
60.6135616161
111.313404471
97.684893394
74.0429419301
143.817248225
408.391295401
119.435523402
-4.85823505514
95.5351136158
44.9223791204
97.491971062
428.949696104
41.857215167
182.439608556
89.7795866104
87.3020562004
-40.6764552112
79.5381555109
45.9212590635
-27.0393704683
111.161307616
136.452302775
41.4619251949
304.402166796
122.421191738
106.011986903
2.88140014171
132.343495367
101.250861401
2.55839516109
0.767922094043
295.415451979
19.4278143238
97.491971062
217.744559626
24.7942709092
109.337592224
196.561588984
-4.27013731005
47.5836786005
36.1392046282
-33.1322525882
101.522419451
119.435523402
-8.90579842698
169.043353783
173.749159062
61.7538482447
4.27022945603
10.6241941919
69.1062958922
20.7339498965
114.665185937
7.81296146492
49.7531250911
66.7254849943
122.421191738
-29.4170754452
82.1986600906
3.51613815115
27.6714936503
13.4217404736
215.312661774
-49.0234433771
65.3483782057
13.4857721336
17.6382075914
107.886285328
40.7664247309
122.421191738
94.4021227146
132.343495367
92.7362739393
108.325645768
173.749159062
69.4637651337
109.337592224
43.5333467327
122.421191738
37.4269938092
295.415451979
109.337592224
77.3173720241
349.259375273
108.986212764
173.749159062
13.1383804236
38.2802427399
195.528953374
45.5109346216
31.0825741733
-9.38879529061
17.8849376624
-15.9387643521
13.1383804236
58.3190821644
344.842383476
47.7644766868
12.3148438183
47.9964547118
47.0477594893
173.749159062
47.0071826625
72.7517073435
-30.1040372671
134.127570251
15.2903873031
-3.91308793456
111.313404471
24.1187305016
58.3190821644
33.6235166556
101.522419451
61.7538482447
-36.2793042213
131.851627372
100.603242235
27.4413915574
64.5766425517
56.1702800777
196.561588984
97.7077259893
39.5215451159
184.200725827
20.7339498965
87.3020562004
119.435523402
50.9381460509
87.3020562004
143.817248225
109.337592224
2.55839516109
-4.41895633198
81.6776352706
114.742068145
-9.48929566114
19.386104221
164.141755589
154.195647701
76.094503726
76.4573113871
116.996284622
511.59808612
12.3148438183
54.9170259563
124.422694389
44.7936371581
59.1964196039
-1.49034887548
88.0875914876
59.2555971556
173.749159062
334.914194574
15.3042944785
20.0109196654
55.0987246896
531.32705664
-49.6261397955
15.1947116085
122.421191738
105.72080319
344.842383476
-5.43487394958
23.100272396
186.995086114
53.3002559149
225.951051515
43.371565502
253.383698367
2.13719492022
52.9296698688
25.2241327854
266.877300613
25.7894175251
64.1827518742
-24.648221104
308.417613885
51.9169008169
252.189007452
96.3621818375
192.828749332
87.3020562004
38.1317127494
-0.263258781193
58.2031067609
97.7077259893
223.521733437
-7.96768508092
40.3935547729
61.5454259178
100.603242235
-18.0733911417
169.043353783
93.4097319461
8.44547806311
101.782515337
163.322628083
191.699923591
58.1899208708
54.9962870292
62.6682170947
58.3190821644
30.1822679596
74.4376019438
9.23547847774
-0.164583272622
71.7321487496
84.7055958585
-4.54609200812
84.7055958585
61.4260122699
8.21932040516
32.7085237764
87.3020562004
223.521733437
641.40397246
55.5054890252
13.1383804236
57.5596107367
42.3495627123
-38.492081448
26.519724407
34.7256430427
13.0850586889
47.5243187419
86.4778122116
87.3020562004
191.517856145
750.919076341
-11.7713443064
111.313404471
47.9964547118
-5.92938841587
456.052979345
368.255140501
137.249271187
5.65670223562
106.011986903
109.337592224
831.958988373
104.208806942
75.092334149
58.2031067609
178.026489673
-13.9933643552
344.842383476
128.124299218
111.313404471
94.5616787513
97.491971062
36.4889306558
173.749159062
79.1804909267
76.4573113871
190.429369209
76.4573113871
93.8655086892
97.1003290334
152.228144172
98.7621746443
39.1603554051
255.873906781
114.662250359
95.883791597
76.4573113871
69.050723577
206.787850673
203.428507842
25.0897871611
475.621728113
7.73608537834
598.96924128
218.47417153
258.173917285
63.8532177166
47.7644766868
493.064810783
-9.05566586153
-18.0733911417
394.269314973
17.8849376624
59.2370857651
1.0873481231
109.337592224
80.7026972913
137.249271187
19.0382904023
89.7795866104
137.249271187
87.3020562004
-6.36958987622
77.9194432348
295.415451979
101.782515337
95.9053546965
97.491971062
173.749159062
408.391295401
23.4324819138
205.859339738
223.521733437
154.195647701
23.9970296234
97.491971062
37.4023199023
26.519724407
93.4097319461
37.1472021264
125.648962055
48.7613825408
157.879642595
-31.1946914841
119.435523402
25.7134887619
179.587696512
18.5058141423
106.903434175
44.7352085419
-4.43707150574
27.4523707512
87.3020562004
-23.4140194056
408.391295401
74.44799352
122.435162601
215.312661774
66.3923612123
408.391295401
146.274127811
249.48462064
51.8236692884
14.6972524016
52.9296698688
172.212177137
14.6304241345
72.5268969186
104.525233782
34.9733707299
14.2234618763
286.819463892
106.955345485
173.749159062
39.4308249974
181.100669155
443.642743218
40.3935547729
52.9296698688
131.086952455
40.3935547729
49.7531250911
32.0708777945
7.55156037245
6.20115963114
118.638392109
15.6270131172
344.842383476
115.016589112
108.118981249
131.086952455
290.481783934
-24.1303503613
33.9620611368
109.221192546
24.7942709092
61.954364525
132.343495367
137.249271187
165.577542374
32.1351103745
64.5766425517
255.83888647
64.5766425517
475.621728113
-13.83888335
72.1562142589
282.357112254
47.9964547118
132.343495367
16.6561658054
-35.8878142852
172.212177137
9.23547847774
9.28361959254
116.970446599
24.6735913194
15.1947116085
118.638392109
44.9223791204
333.992569245
45.7589280725
118.638392109
74.44799352
48.280794492
137.249271187
46.2521830595
36.3312286911
111.829706417
50.4326413699
48.5949942484
11.9130436147
22.6658205354
137.249271187
3.93348813237
143.74925122
132.343495367
27.6433009907
42.3346899578
63.2165050099
55.0096401028
-1.49034887548
149.114216466
295.415451979
59.3017394467
58.3190821644
408.391295401
62.7487758945
285.144920758
25.8207204047
79.5381555109
295.415451979
161.67199028
-31.0191339665
31.8051506596
356.248598437
308.318265705
75.1811568712
98.7621746443
195.190629801
103.439854032
6.65523272806
189.942796383
64.9123925711
46.9778700828
104.208806942
11.9427853688
291.422775117
46.2903489348
146.864963828
49.9203568828
165.577542374
76.4573113871
54.7277855569
69.9218554098
70.7261636046
69.4637651337
43.9944955429
64.9123925711
68.692965876
291.422775117
115.016589112
408.391295401
115.016589112
97.7077259893
49.3585336887
137.249271187
449.707975237
69.8410943179
56.1702800777
101.497013664
58.53359626
154.195647701
143.817248225
14.8209134082
33.9620611368
7.82650466464
20.7339498965
344.842383476
31.8051506596
130.984761476
29.3470909282
66.4257943469
-21.6406619041
31.0825741733
34.5216768916
215.66352832
349.259375273
109.337592224
76.4573113871
-1.37819695307
98.7621746443
49.7531250911
38.5291968939
118.638392109
43.371565502
255.873906781
40.3935547729
39.0788528606
50.794028297
92.7362739393
92.1030949739
70.1740057853
1.95311324589
36.8745795311
14.0821977378
19.6261962972
97.684893394
92.385866747
5.60060687564
36.1829265603
295.415451979
69.0370165068
203.833801634
-20.3814571175
147.134657487
78.3139930981
37.7903151714
278.589262533
23.9970296234
185.104766537
79.5381555109
26.519724407
119.435523402
36.1829265603
65.0257274873
99.3522683691
45.8932670803
38.5291968939
64.9123925711
59.592637972
57.1641561447
49.4690657369
97.491971062
295.415451979
129.641826816
92.7362739393
88.0875914876
61.954364525
53.6447141555
17.8506095233
34.7584583415
77.9369533904
-8.2421980787
84.571935572
71.125719433
6.15805717673
38.960895351
63.8532177166
59.1964196039
54.8944772772
52.9296698688
19.4536606178
46.9261315694
155.261008678
362.17390491
70.7613766902
-45.6611360448
124.202794819
181.100669155
62.6682170947
22.8666223498
80.2421086827
43.089942678
116.970446599
14.6972524016
201.588056594
126.843480947
54.6142890641
5.02581623179
58.3190821644
65.6278836544
96.3621818375
44.7352085419
14.6972524016
24.0112836542
98.0308729848
1.67825908023
295.415451979
94.2477210538
-13.1038406966
110.70939233
443.642743218
43.371565502
58.3190821644
291.422775117
174.294404253
169.043353783
-17.9086240629
54.9170259563
88.6159002598
344.842383476
9.11158622212
-0.790973076605
223.521733437
30.8707062381
-10.843003451
154.195647701
63.8532177166
-8.38200412717
95.883791597
-11.3413139879
87.3020562004
955.460547763
97.7077259893
33.0064985994
92.1738241309
154.195647701
-29.4765957137
-21.2473186005
269.411191717
59.1964196039
27.4413915574
27.0978238503
131.601492252
43.371565502
102.201083398
101.497013664
344.842383476
87.3020562004
196.561588984
-1.49034887548
66.3923612123
-1.83786156482
132.212532386
30.9485759494
-6.08293134611
76.4573113871
44.9223791204
50.5472211987
-31.1198674241
45.8932670803
83.7507864967
152.228144172
48.280794492
242.186448828
308.417613885
79.7037501093
97.7077259893
28.6108188875
132.343495367
475.621728113
51.8505514134
80.2421086827
987.285486435
91.7397777301
87.3020562004
97.7077259893
37.3619789241
13.0525416918
128.124299218
146.864963828
284.206189948
26.4803465365
48.280794492
4.668796112
-1.83786156482
368.255140501
61.739756997
27.1538970102
87.3020562004
177.058393788
148.157959503
283.014480951
42.6050575168
52.9296698688
287.292564891
91.0747543364
52.8598034691
36.1829265603
2.88140014171
191.021869243
19.6261962972
152.228144172
-32.9758855291
52.9296698688
201.588056594
36.9693217296
87.3020562004
17.6076760651
137.391194515
255.873906781
12.3148438183
68.1520961145
103.866028707
27.4141748787
199.506250182
419.715713321
13.6093572426
28.0687299826
76.4573113871
344.842383476
50.4326413699
69.5252838288
173.749159062
33.9620611368
182.131387231
404.456288344
193.86094228
0.966770961896
112.402647724
408.391295401
380.910684839
106.955345485
50.9932818526
91.162087336
137.249271187
307.732057413
6.29538598935
98.7621746443
23.9970296234
46.4143746658
89.7795866104
115.016589112
30.380420606
269.411191717
41.0570271669
115.016589112
43.2377677225
-25.0398215586
58.4246983879
888.538629947
47.7286433167
255.83888647
23.0103697347
1.67825908023
199.230259185
109.337592224
103.866028707
251.820182588
42.3495627123
54.7277855569
1.67825908023
408.391295401
118.638392109
408.391295401
30.1345736757
55.5140551863
40.8756029808
137.249271187
119.435523402
344.842383476
511.59808612
49.7531250911
87.3020562004
641.40397246
76.4573113871
61.8786648049
84.7055958585
56.1702800777
20.7339498965
27.1538970102
160.626168621
295.415451979
92.1030949739
74.910713687
132.212532386
229.512876649
2.13719492022
74.910713687
33.7081474027
17.8506095233
179.587696512
28.6108188875
169.601444531
44.136394894
-2.14430622084
27.4413915574
116.996284622
39.026972608
64.9123925711
36.9693217296
119.435523402
168.77073639
-0.263258781193
64.5766425517
64.9123925711
119.435523402
259.076311022
143.817248225
12.3148438183
35.2850367137
137.249271187
40.3901324388
13.6649820668
-34.4587129134
223.521733437
173.749159062
77.7547903323
-19.0030962571
124.955617883
708.804333593
37.9702303234
70.7613766902
13.8677519663
65.0885972432
137.391194515
83.4386503067
104.208806942
22.5298411945
118.638392109
456.052979345
150.61542731
118.638392109
76.4573113871
14.1763472165
116.731696894
137.94213381
121.64671503
255.873906781
61.7608667186
199.506250182
46.7859039935
147.134657487
87.3020562004
122.421191738
43.9944955429
118.638392109
30.5986556027
169.043353783
314.013837338
30.1345736757
91.330057409
186.995086114
81.1529739005
84.3736569866
28.3598215066
80.1629601227
552.371291861
77.3173720241
-20.9169096043
130.145675904
69.050723577
48.2206577541
49.5643262766
21.5032872603
56.1702800777
137.249271187
63.8532177166
149.989836787
251.820182588
154.195647701
128.124299218
-17.031854356
152.228144172
105.158645118
39.026972608
63.8532177166
-1.05256445734
20.7339498965
83.2359917457
220.83834026
65.3483782057
47.7644766868
18.6122416315
79.5381555109
368.255140501
68.1833785452
153.194834695
27.4413915574
159.190091977
9.4327088431
161.67199028
77.9369533904
65.9362912879
-4.3684761434
408.391295401
214.359833766
79.3192944351
61.954364525
44.7352085419
75.6980557546
101.782515337
27.4413915574
255.83888647
173.749159062
-11.0315233048
109.337592224
196.561588984
169.043353783
30.1345736757
304.402166796
34.7035742418
13.1383804236
100.562221104
137.249271187
56.0671230712
101.250861401
87.3020562004
44.7936371581
69.4637651337
60.583507698
12.3948418281
87.3020562004
132.343495367
52.9296698688
109.337592224
86.3131802472
203.833801634
535.489119251
253.383698367
243.353311506
82.7450890266
40.3935547729
79.5381555109
124.202794819
122.421191738
1.64069304155
248.89598704
15.3043479666
13.1383804236
62.6682170947
344.842383476
154.195647701
81.7860498535
132.343495367
184.331711329
38.0215175349
11.8350786048
87.3020562004
19.3771520632
119.435523402
6.32441543368
58.2031067609
101.522419451
105.158645118
98.7621746443
119.900435459
32.5081164296
165.577542374
69.9954316527
122.421191738
12.511022858
77.9369533904
333.992569245
92.1030949739
118.638392109
82.1986600906
119.435523402
75.4630568152
31.0825741733
168.77073639
132.343495367
163.322628083
-10.0413706654
87.3020562004
69.4637651337
42.3495627123
87.3020562004
10.153423675
344.842383476
196.561588984
12.7403484815
3.09149536287
76.094503726
255.873906781
61.7859233797
173.749159062
-13.026222461
7.9633980252
154.195647701
-30.8392857143
98.7621746443
52.7911330537
146.864963828
17.6382075914
64.1827518742
6.15805717673
36.648995068
44.7352085419
14.6972524016
38.5291968939
65.3483782057
62.6682170947
144.639234448
294.087171292
49.3585336887
43.0273225435
17.8849376624
174.853987618
92.7362739393
297.524349289
-26.0017726441
15.8177024482
106.903434175
48.280794492
50.9381460509
22.8666223498
41.534245265
98.7621746443
64.9123925711
295.415451979
137.249271187
71.7321487496
349.259375273
-49.0234433771
17.6382075914
154.195647701
68.1833785452
91.162087336
66.3923612123
41.3809064659
-20.8984466196
295.415451979
19.4278143238
93.4097319461
137.249271187
92.7362739393
61.7608667186
51.258743546
344.842383476
14.6972524016
187.950402924
58.3122770054
196.561588984
137.249271187
186.995086114
110.097841555
77.9369533904
40.7328250327
55.2173194903
83.4386503067
90.9078159838
38.5291968939
70.4974731001
137.391194515
13.8677519663
61.739756997
46.9261315694
196.561588984
198.340529815
26.2706019871
65.1688879681
27.4705370379
203.833801634
49.7523233622
40.8756029808
282.929902972
36.3312286911
217.744559626
36.648995068
91.162087336
-18.0733911417
24.8435741486
124.202794819
62.5999140171
-0.263258781193
81.5683197861
164.270220749
64.9123925711
187.013113034
303.565030675
173.749159062
291.422775117
62.6682170947
66.3923612123
13.3698003831
130.145675904
100.778622226
64.9123925711
205.79904306
291.422775117
147.134657487
101.522419451
84.7055958585
47.0071826625
62.6682170947
62.4400791348
36.3312286911
-18.6658914527
-10.9301966292
90.7865902373
20.7339498965
258.459792738
163.322628083
344.842383476
111.092109553
59.2370857651
-34.6947854993
56.1702800777
95.5366050119
31.0825741733
173.749159062
31.6390196142
31.0825741733
286.819463892
291.422775117
48.7248044968
459.175393024
116.996284622
75.1811568712
34.3853681951
59.3017394467
104.159132852
109.337592224
64.9123925711
119.435523402
58.2031067609
31.6613140414
-10.843003451
115.016589112
18.5058141423
552.371291861
35.6239799121
-0.263258781193
137.249271187
177.050290001
48.280794492
69.9954316527
64.1827518742
68.5776267442
105.72080319
3.57323132251
60.4497768833
137.249271187
119.435523402
-30.8392857143
294.905506384
291.422775117
511.59808612
17.6382075914
122.421191738
111.092109553
23.100272396
313.80686835
-5.71951238133
85.350993115
75.5237462139
39.3052326429
61.2692551372
192.543180207
111.161307616
4.27022945603
48.0249201742
146.242916132
1305.03310969
13.7237304815
44.9223791204
23.4324819138
143.817248225
105.158645118
65.1688879681
31.046571993
255.873906781
36.5443480972
349.259375273
97.7077259893
73.7011191888
34.5945251409
113.933035844
87.3020562004
86.0169254814
12.3148438183
291.422775117
78.2775298703
28.6108188875
92.7362739393
252.189007452
68.1520961145
9.18356063297
41.0468085725
33.9620611368
20.7013111918
174.853987618
473.990172227
36.8745795311
291.422775117
56.0671230712
183.639692114
107.886285328
199.230259185
173.749159062
90.2835298897
223.521733437
408.391295401
-9.48929566114
196.561588984
147.134657487
48.2873028359
112.402647724
89.8131892667
47.7644766868
79.7108411077
234.732154342
12.3148438183
242.186448828
53.2057923803
11.603730065
196.561588984
82.1986600906
83.4401581344
62.1546193145
220.899553767
92.1030949739
30.349015541
75.8040836923
140.217280164
79.5381555109
15.1243456225
61.7608667186
154.195647701
154.195647701
107.886285328
177.058393788
58.3122770054
-44.0501207797
83.5156038426
49.7531250911
-3.63186303036
-33.841049504
140.18721512
-8.2421980787
101.522419451
255.83888647
105.746915113
29.0387971841
37.9702303234
68.1520961145
43.9944955429
61.7608667186
125.236649861
394.269314973
-12.2278140971
28.7443633448
511.59808612
48.280794492
408.391295401
172.212177137
729.68145644
74.7716558071
61.7608667186
60.4497768833
349.259375273
63.8532177166
34.5216768916
75.9100912938
26.1964537284
62.6324275621
147.134657487
63.8778977852
-11.7713443064
147.134657487
42.3346899578
40.3935547729
85.5077002814
-0.164583272622
68.1833785452
-19.1646141744
207.842659764
97.491971062
146.864963828
323.659412834
129.641826816
20.7339498965
229.824785142
77.9369533904
128.124299218
100.015431732
344.842383476
34.9341290139
55.5688358482
44.7352085419
204.846398066
101.250861401
97.1003290334
48.490203806
12.3148438183
119.435523402
12.3148438183
196.561588984
511.59808612
43.3839170951
-16.5838164352
83.5156038426
26.519724407
32.041719923
88.581790035
12.8525548926
291.321119391
163.322628083
3.09149536287
511.59808612
61.7538482447
66.4757196974
223.521733437
248.89598704
87.3020562004
127.748325113
96.474896104
122.421191738
98.7621746443
16.7370072508
16.5486326323
52.5769774011
122.421191738
344.842383476
368.255140501
97.7077259893
42.3495627123
291.422775117
113.657459001
49.2847679048
125.236649861
295.415451979
128.124299218
22.319617224
295.415451979
177.058393788
6.21750949418
38.10627347
87.3020562004
137.249271187
-2.50790667443
31.2822702897
-4.45774854094
82.1986600906
39.1667607387
14.6972524016
132.343495367
69.050723577
27.1538970102
11.210595869
-24.5536398961
101.250861401
64.1827518742
60.4497768833
51.9169008169
111.313404471
134.127570251
-17.9086240629
152.228144172
27.4413915574
77.9369533904
-5.68224892333
79.5381555109
56.5284477565
63.8532177166
37.8096243169
196.561588984
417.388363713
55.5140551863
45.9102784575
355.187038397
60.4497768833
154.195647701
96.292433907
179.587696512
294.087171292
47.8801973588
27.4413915574
49.7531250911
237.433426825
149.989836787
160.948516744
122.421191738
109.337592224
78.7076809662
47.7644766868
90.1396882589
71.9953779074
62.6682170947
186.995086114
36.2013593531
71.4690002362
63.8532177166
61.4260122699
45.733382394
107.886285328
28.3598215066
3.15063260921
104.623756824
77.9194432348
157.221637775
255.873906781
34.5216768916
206.787850673
4.78661125544
48.280794492
493.123177968
459.175393024
12.3148438183
132.343495367
7.26568754885
45.7589280725
15.072837952
69.4637651337
84.7055958585
108.938228465
70.6577297994
111.829706417
297.524349289
449.707975237
306.371931675
121.64671503
63.3273062819
789.597216174
92.1738241309
284.206189948
368.255140501
16.7370072508
223.521733437
32.1351103745
112.356958131
-49.0403778951
87.3020562004
1.21577952557
50.8345054004
13.8677519663
107.886285328
147.134657487
158.695532484
334.914194574
143.817248225
58.3190821644
39.7173386208
6.76371712819
16.5636773406
57.0589682293
137.249271187
24.7942709092
119.435523402
38.5291968939
297.524349289
12.1013974097
223.521733437
79.5381555109
61.7608667186
58.0320442471
128.124299218
187.810864056
97.7077259893
-12.0979581538
-23.5351650656
77.7587212134
154.594463218
82.1986600906
535.489119251
30.1345736757
192.828749332
355.142761764
475.621728113
114.381871555
150.61542731
65.3483782057
97.7077259893
344.842383476
18.6246355936
29.0975216302
368.255140501
294.087171292
46.2903489348
304.885911313
82.1986600906
76.8737697926
23.4324819138
107.886285328
118.638392109
118.843441743
4.47892448214
118.638392109
50.8182145249
408.391295401
451.299683263
65.3483782057
-8.90579842698
140.843867149
180.215674631
109.337592224
97.491971062
154.195647701
51.2289872981
201.094442397
313.80686835
493.064810783
-11.6540754083
84.1226947841
-4.93982951793
43.371565502
62.0512017237
29.3470909282
-14.7512634499
82.5315163805
115.016589112
21.8620263106
17.6382075914
196.561588984
99.9291611128
119.435523402
134.127570251
27.1538970102
97.491971062
150.912035331
255.83888647
90.2835298897
37.4269938092
92.7362739393
114.151415488
282.142462215
47.9964547118
60.4497768833
87.3020562004
11.603730065
291.422775117
69.4087787106
465.847700779
64.5442971348
408.391295401
46.7859039935
43.371565502
-0.476821396813
69.050723577
75.1257020256
132.343495367
122.421191738
97.7077259893
161.67199028
52.8598034691
-24.1303503613
25.3770263971
137.391194515
83.5156038426
131.086952455
190.429369209
-23.5351650656
19.125831743
101.522419451
140.843867149
173.749159062
42.3346899578
-15.2520788732
122.421191738
87.1914063638
69.4087787106
69.5252838288
56.1702800777
18.6246355936
53.092913361
302.994027328
79.5381555109
443.642743218
359.376966242
97.7077259893
154.195647701
21.4657733938
43.371565502
878.556937792
15.1947116085
59.592637972
4.668796112
134.127570251
28.3442895747
111.313404471
459.175393024
9.0432685981
44.7352085419
-4.85823505514
81.9726010549
113.933035844
219.268168937
-4.53103045936
31.7604426321
173.749159062
26.9094280433
64.1827518742
41.0570271669
91.162087336
34.0850744615
531.32705664
109.337592224
28.3598215066
80.2421086827
27.6714936503
-4.88786547357
169.601444531
263.136639572
84.7055958585
61.2047759873
68.692965876
493.064810783
66.4257943469
-15.0390722951
137.249271187
47.7644766868
270.70198623
10.8233575151
87.3020562004
45.7589280725
79.7037501093
109.337592224
-8.38200412717
-4.40723063672
108.938228465
130.248691245
42.3495627123
97.7077259893
38.5291968939
95.9877456157
51.8128185138
133.097265265
107.886285328
284.206189948
304.402166796
33.9620611368
173.749159062
23.1370639057
63.8532177166
356.248598437
344.842383476
187.810864056
68.1833785452
127.218714485
242.186448828
49.7531250911
445.358149561
159.190091977
163.322628083
120.846860716
43.089942678
36.8745795311
132.343495367
63.8532177166
0.684644266797
196.561588984
44.7588097103
511.59808612
109.337592224
38.960895351
105.72080319
-35.1461070829
451.299683263
108.227040104
26.519724407
291.422775117
34.9379440019
146.020739469
87.3020562004
111.829706417
28.6108188875
210.434638981
152.228144172
137.249271187
291.422775117
137.391194515
44.8671340066
97.491971062
54.6053680354
142.931546788
-26.2387633534
295.415451979
51.8236692884
137.249271187
61.954364525
456.052979345
63.8532177166
86.0169254814
30.1822679596
27.6714936503
148.60400526
342.325238236
32.0708777945
46.9261315694
30.5381933203
47.9964547118
52.8598034691
59.2677185984
69.050723577
111.313404471
51.8236692884
56.1702800777
561.631985165
143.817248225
87.3020562004
54.7277855569
-7.96041459902
99.1235495455
58.2031067609
278.589262533
39.4308249974
23.7773734703
-1.33796184407
45.7589280725
143.476877041
58.0320442471
511.59808612
45.8634335303
40.1078373153
45.8932670803
56.1702800777
225.951051515
255.83888647
87.3020562004
58.5434784541
76.9300952946
90.9078159838
44.7352085419
45.8634335303
408.391295401
132.343495367
343.29343006
12.511022858
97.491971062
34.5216768916
187.950402924
421.396062164
75.1811568712
69.4637651337
-21.0188987232
140.455342419
72.0083031372
205.79904306
97.7077259893
146.076238216
132.343495367
11.9427853688
177.058393788
349.259375273
26.6552657315
291.422775117
66.6516654362
177.058393788
95.6605596956
-4.7131782709
118.638392109
196.561588984
160.948516744
45.647304637
0.269181066511
24.0112836542
177.058393788
4.27022945603
38.5291968939
101.782515337
277.23180052
24.0112836542
46.9261315694
118.638392109
13.1383804236
295.415451979
201.588056594
109.337592224
95.3301631623
137.249271187
84.7055958585
-42.6513737992
43.0762341634
28.6108188875
428.283511178
30.3879084088
83.5156038426
99.3522683691
36.1392046282
14.2234618763
115.016589112
118.977621214
92.7362739393
-2.14430622084
111.092109553
368.255140501
2.67543165978
196.561588984
2.10440347118
60.4157376247
40.8756029808
79.7037501093
61.7608667186
62.4400791348
46.9261315694
641.40397246
76.4573113871
17.2362980363
177.058393788
76.4573113871
344.842383476
7.14687289583
115.991743314
19.7631296927
77.9369533904
394.269314973
27.4413915574
987.285486435
111.313404471
64.9123925711
48.280794492
131.933925675
48.280794492
112.402647724
115.016589112
14.5711358476
186.995086114
47.9964547118
191.655904075
87.3020562004
119.385661425
-16.5838164352
-8.75028031261
41.4619251949
85.6443699476
116.996284622
76.4573113871
91.7397777301
109.337592224
-35.9027622998
69.9218554098
122.421191738
117.848870589
64.1827518742
31.0825741733
252.189007452
82.1986600906
226.185645931
49.7531250911
77.9369533904
100.562221104
60.0859124782
154.195647701
-28.6699879113
4.1135200518
61.7608667186
83.5156038426
31.6613140414
77.3173720241
74.910713687
58.3190821644
137.249271187
70.811243835
22.7484631894
47.7716115184
-52.9843971425
19.4278143238
54.6053680354
33.7127507333
443.642743218
9.23547847774
256.555059741
122.421191738
42.9978806646
89.2946312664
27.630504339
34.0850744615
64.1827518742
18.6246355936
182.131387231
173.749159062
77.9369533904
-7.60878489327
97.7077259893
93.2678613301
291.422775117
61.7608667186
66.3923612123
168.77073639
87.3020562004
112.43945805
31.0825741733
220.899553767
76.6918491833
134.127570251
128.124299218
40.8756029808
130.248691245
104.334945896
83.7350989597
119.435523402
77.9369533904
59.5352813617
13.1383804236
107.990451515
137.249271187
122.421191738
33.9620611368
29.390810682
76.6918491833
111.313404471
171.821371609
163.322628083
97.491971062
130.248691245
68.1520961145
24.1047997992
62.9755257575
56.5284477565
48.9648445201
109.337592224
117.84773209
25.3077136552
64.9123925711
34.5216768916
45.9212590635
65.7166373999
92.6029555211
118.638392109
-30.6976403685
118.638392109
23.100272396
30.4742583722
535.489119251
443.918319092
137.391194515
154.195647701
294.087171292
92.1030949739
71.7321487496
76.3212839587
107.886285328
66.5922106528
38.6603010102
-24.0475115654
325.45953817
0.269181066511
62.6682170947
101.782515337
40.3935547729
48.2873028359
83.7507864967
0.0718297289164
20.7339498965
49.7531250911
111.313404471
37.9702303234
67.7356930205
127.571380882
23.9970296234
30.9485759494
169.601444531
-6.65336269561
20.7505168407
-13.079719596
152.228144172
708.804333593
511.59808612
122.421191738
459.175393024
99.4868394566
21.4214527765
43.9761067314
38.5291968939
312.280981428
97.4891630572
88.6726825636
90.3724364606
82.1986600906
27.4413915574
186.995086114
77.3173720241
59.2260259231
40.3935547729
344.842383476
103.185965838
111.092109553
295.415451979
173.297990136
19.2332481322
176.56048548
101.497013664
114.381871555
105.72080319
-4.43707150574
645.911248847
132.343495367
53.6904761905
38.5291968939
173.749159062
118.638392109
87.3020562004
122.435162601
52.9296698688
218.748188206
97.7077259893
154.195647701
137.650426205
106.903434175
24.0112836542
61.7608667186
45.1863954451
4.13153599114
50.8182145249
92.1030949739
77.9369533904
131.933925675
70.4974731001
21.5032872603
76.4573113871
54.7277855569
116.996284622
161.578769619
14.6972524016
77.3173720241
22.2924335378
40.2827310318
6.20115963114
114.665185937
-15.653517062
323.659412834
27.0978238503
286.819463892
186.220247916
47.7826892346
392.900147896
64.9123925711
130.248691245
91.330057409
493.123177968
408.391295401
25.3077136552
154.195647701
60.4497768833
28.6108188875
263.136639572
18.6246355936
219.108252477
77.9369533904
50.9381460509
122.421191738
63.3835163641
47.7644766868
64.9123925711
40.8756029808
118.638392109
38.1317127494
74.0974913413
16.676865241
196.561588984
493.064810783
211.01097805
35.2850367137
14.5711358476
112.402647724
114.381871555
101.782515337
38.0215175349
73.798687388
36.5184692775
33.9620611368
65.3483782057
70.989556984
107.886285328
-34.4587129134
473.990172227
89.0106761024
128.741052247
148.60400526
106.903434175
49.332746499
76.094503726
54.3101863349
37.9702303234
143.817248225
112.402647724
25.7134887619
443.642743218
129.298312883
69.4637651337
145.7332447
71.2933877732
14.7071336761
137.249271187
92.5473297583
65.3483782057
1.21577952557
42.3346899578
118.638392109
119.435523402
36.1060885683
46.4143746658
59.4435564335
115.62592293
69.9218554098
77.9369533904
146.076238216
140.18721512
-3.94845251307
96.292433907
172.212177137
47.9964547118
235.730100737
47.7644766868
92.1030949739
82.7450890266
61.8786648049
-11.7713443064
36.2013593531
29.8354172715
173.749159062
49.2847679048
77.3173720241
92.1030949739
90.2834818486
108.023211688
408.391295401
196.561588984
184.200725827
33.2737685222
257.494701662
52.9296698688
394.737177713
295.415451979
111.313404471
165.577542374
146.864963828
97.491971062
295.415451979
70.4974731001
97.7077259893
124.202794819
111.092109553
66.3923612123
54.7277855569
-19.9216741713
62.5487726702
173.749159062
95.3301631623
107.886285328
76.4573113871
87.3020562004
62.1546193145
15.8537661491
40.3935547729
32.1351103745
25.7134887619
77.1589766489
11.9427853688
57.6965705009
65.3483782057
24.7942709092
174.853987618
54.7277855569
102.201083398
368.255140501
295.415451979
137.249271187
12.3148438183
789.597216174
48.280794492
55.3775032877
19.8607915434
27.3808207385
35.454484175
154.195647701
64.5766425517
188.260736196
115.016589112
65.0405683642
34.0850744615
97.7077259893
50.1402273247
45.8634335303
30.1939941351
-12.5446431565
-58.3082116961
65.6351455369
10.4475024812
122.435162601
-15.3890977444
104.92067276
58.3190821644
98.7621746443
60.4497768833
137.249271187
146.864963828
65.6278836544
43.2880301681
115.016589112
43.371565502
49.2847679048
75.4919434661
64.5442971348
10.8233575151
122.421191738
199.252886175
173.749159062
-22.2391509142
14.6972524016
344.842383476
111.313404471
-18.0733911417
493.123177968
439.202889062
66.1462186661
137.249271187
154.195647701
118.865417686
62.6682170947
9.23547847774
77.1681606778
-39.9088396561
27.4141091166
97.7077259893
215.66352832
428.949696104
40.3936365385
72.0132712897
8.44547806311
111.829706417
59.3118352033
-1.12305827446
27.2718773225
128.124299218
13.6649820668
236.304192229
83.1791033307
6.72394165214
223.521733437
137.249271187
119.435523402
53.1711679524
42.5116853933
97.7077259893
178.026489673
40.3935547729
54.7277855569
168.097791176
188.260736196
50.4326413699
97.7077259893
41.4619251949
163.82403572
45.7589280725
6.96651792219
49.3170757723
66.267656251
-4.85823505514
96.0001410882
85.350993115
48.280794492
115.62592293
137.249271187
152.228144172
65.3483782057
35.8944101035
75.092334149
196.561588984
443.642743218
61.7608667186
63.8532177166
451.299683263
111.313404471
68.1833785452
87.3020562004
-13.3720504606
109.221192546
63.0928229653
14.6972524016
40.7328250327
132.343495367
124.202794819
77.9194432348
131.086952455
-20.8984466196
140.843867149
77.3173720241
60.4497768833
12.4402676621
26.8347827633
61.7608667186
108.227040104
137.249271187
42.1759694331
52.9296698688
44.9223791204
-3.66750156713
51.8236692884
511.59808612
4.27022945603
-3.19498359396
104.525233782
38.9516812689
154.195647701
55.2173194903
708.804333593
19.4278143238
-4.54609200812
67.3219274761
119.435523402
62.9755257575
-15.0390722951
19.8607915434
109.337592224
38.5291968939
50.7800782518
223.521733437
79.7037501093
-5.68224892333
35.2850367137
27.4413915574
10.4387779029
40.3935547729
51.2289872981
66.1488966154
459.175393024
137.249271187
1170.9782385
-7.69828774006
99.1235495455
111.313404471
83.4386503067
102.496357886
21.7190552597
255.83888647
67.9141780532
122.421191738
70.4974731001
28.3598215066
24.7942709092
197.88643464
295.415451979
87.3020562004
451.299683263
61.4260122699
52.8598034691
52.9296698688
101.782515337
23.100272396
302.994027328
122.421191738
60.7677083343
46.4738983051
45.5109346216
134.127570251
114.381871555
88.0875914876
34.9379440019
64.5766425517
130.145675904
118.638392109
104.159132852
344.842383476
97.7077259893
74.8446438165
169.043353783
48.0932835108
210.434638981
62.4400791348
82.8629361685
-21.2473186005
109.337592224
137.391194515
35.9212987152
111.313404471
131.086952455
45.5993796073
64.5766425517
48.280794492
101.250861401
47.7644766868
79.7037501093
33.9620611368
673.638927784
9.9415950474
428.283511178
27.9412943441
179.587696512
143.817248225
61.7538482447
68.1520961145
118.638392109
68.692965876
252.189007452
240.9949462
67.6340952512
18.1059844326
38.5291968939
107.886285328
105.72080319
30.1345736757
23.0103697347
169.043353783
137.391194515
20.7339498965
18.6246355936
87.3020562004
107.886285328
334.914194574
119.525949304
66.3923612123
36.0210819181
71.9953779074
-11.1206393933
169.043353783
76.8737697926
3.99522575769
192.106548595
85.5150208043
-19.4011945345
116.731696894
97.7077259893
106.685472757
115.62592293
137.249271187
35.6239799121
61.7608667186
263.136639572
16.5636773406
10.8233575151
45.7589280725
31.0825741733
144.639234448
41.0570271669
137.249271187
163.257122397
459.175393024
18.6246355936
33.9620611368
55.5189971125
38.5291968939
23.6842944283
122.421191738
137.391194515
87.3020562004
368.255140501
164.270220749
338.871046805
259.468592708
177.440760145
392.548255623
87.3020562004
50.9381460509
166.881041976
23.4481490679
92.7362739393
196.561588984
186.995086114
67.9141653324
173.749159062
140.18721512
16.9946971154
598.96924128
25.7134887619
146.274127811
40.3935547729
-38.4314680472
0.625430700592
45.9842973927
24.41519769
-4.36204666743
55.5189971125
10.9505295646
349.259375273
36.8745795311
64.0079169448
459.175393024
-15.916623527
98.0308729848
173.749159062
16.7370072508
15.479122608
97.491971062
13.7474262682
70.4974731001
14.5933497903
122.421191738
122.421191738
493.064810783
31.6390196142
26.6552657315
87.1914063638
8.21932040516
57.9935768496
83.7507864967
84.1226947841
81.6776352706
72.5210809093
-12.4626233029
9.23547847774
45.7589280725
-14.0620739877
56.1702800777
95.3301631623
592.645984469
116.996284622
408.391295401
86.970947054
92.7362739393
-35.6257518217
204.372297913
75.092334149
1.95311324589
196.561588984
493.123177968
408.391295401
203.833801634
380.910684839
137.249271187
105.72080319
137.249271187
61.7538482447
3.17086154754
42.9021497598
99.0463572064
86.4778122116
27.0978238503
173.749159062
49.7531250911
71.9953779074
-0.984563507592
55.2173194903
129.950383872
173.749159062
132.343495367
97.684893394
295.415451979
280.567059779
344.842383476
70.4974731001
89.7795866104
-4.41895633198
-31.0091714877
24.4456305642
143.74925122
-22.6536164826
117.024144024
154.195647701
87.3020562004
77.9369533904
48.8122566699
256.555059741
-0.164583272622
40.5033109692
84.7984804812
34.9379440019
143.817248225
158.695532484
77.9369533904
41.2765331048
82.1986600906
63.8384920378
25.6871118117
-8.2421980787
196.561588984
120.877555806
-25.5463551606
137.249271187
93.4097319461
39.026972608
-56.3058086089
-49.0234433771
287.239158945
64.6167482136
49.7531250911
16.6561658054
129.688483121
58.945983365
191.021869243
39.3052326429
101.535844188
-1.05057364724
140.843867149
559.025753298
344.842383476
132.343495367
11.8079047307
49.7531250911
92.1030949739
27.1270184533
57.9935768496
163.322628083
74.910713687
132.343495367
198.796011539
20.7339498965
5.30284895894
77.1589766489
109.337592224
31.0825741733
-16.3882495419
54.7277855569
12.3148438183
116.970446599
52.9296698688
23.100272396
98.7621746443
99.7054975085
62.4400791348
-4.43707150574
13.0850586889
113.356026273
54.7277855569
-15.6637849988
92.1738241309
-17.9149089598
64.6167482136
95.3301631623
116.996284622
109.337592224
13.6649820668
3.51613815115
-14.4371402835
44.9223791204
124.880535324
129.641826816
97.7077259893
349.259375273
65.6811837769
26.519724407
146.274127811
34.3313424425
192.438428025
-11.8457446422
1.95311324589
210.434638981
531.32705664
97.491971062
33.9620611368
102.201083398
89.7795866104
283.576126507
64.6167482136
344.842383476
83.4386503067
143.817248225
13.8677519663
135.678083961
23.100272396
58.3190821644
22.319617224
52.9296698688
132.521156852
-13.3720504606
36.2013593531
61.4260122699
-16.3597301773
90.2521741449
-13.1447141738
-6.36958987622
71.9953779074
130.145675904
137.249271187
-0.164583272622
101.782515337
286.819463892
173.749159062
30.3879084088
23.6842944283
295.415451979
-35.1508173683
50.8182145249
55.9272195838
106.685472757
97.491971062
223.521733437
173.749159062
173.749159062
789.597216174
213 6528
