43.6174965875
96.7947372903
2.63834158667
309.759633109
43.9188948582
309.759633109
94.9024802009
62.1739871461
111.944637815
442.328926173
95.2401418941
147.193389523
49.9320285756
102.698579409
94.5646042516
48.6928232969
115.636786605
120.324542836
82.8415202737
97.3894195762
138.468916952
192.951247507
6.49658819264
86.0161477508
16.9230345545
924.399082772
-10.4355295136
50.9895742394
145.855779865
37.6881995175
113.366925694
207.319724832
152.591554656
35.9234006994
54.8456297781
33.0757486788
127.751212819
54.5139607947
54.9297628615
111.944637815
183.679745998
93.0462661038
268.783669798
-5.95783591693
19.1767406627
53.3431247614
68.9154828408
48.6183574179
49.6841087855
309.759633109
116.931570469
36.8343016545
197.406185321
276.309867141
163.416906999
-4.81092058819
32.2497952751
50.1470958585
-1.55480651727
50.6020300804
9.46744132359
9.09499155556
23.4646025995
237.830965682
94.5646042516
41.2887177635
125.220643788
458.763136058
22.8476238842
189.569399156
145.855779865
62.5257957988
117.128361534
35.1323862726
44.6267540539
45.9565884314
14.4226579521
360.979587247
141.253735038
62.6501924869
34.4297369555
50.1522005213
161.884469521
309.759633109
48.2800734903
84.2714358263
179.381568029
130.489793624
13.3632040867
426.833813997
268.783669798
360.979587247
282.450149828
35.9234006994
0.0459283361091
102.698579409
20.935607807
130.489793624
125.220643788
98.7240974598
54.8456297781
163.416906999
145.855779865
93.0462661038
164.223536638
151.789487855
21.2436936937
426.833813997
125.220643788
136.399788332
130.489793624
269.659528379
360.979587247
75.6112713324
57.3393924158
412.199541386
757.237726169
412.199541386
50.9895742394
0.733691308509
96.7947372903
5.71318877383
78.3508872307
18.3431798093
68.9154828408
160.657359755
41.7382679497
171.164463087
159.869973601
360.979587247
-35.2650268491
170.264772545
60.3758308416
67.6289408173
29.617622179
147.193389523
0.162541096583
8.97773086503
476.224484059
21.6304903595
172.026158399
146.73677447
21.2535173158
111.944637815
183.679745998
1.72758080122
72.9984732824
112.119239279
20.8377870313
91.2250749141
67.0218165645
102.698579409
49.6841087855
113.366925694
-12.4260469411
29.1081357179
360.979587247
33.2827154534
171.164463087
39.790597288
114.409110348
9.46744132359
19.036591797
7.00460157089
305.397158818
32.3893569124
14.0517118586
84.2714358263
4.57566904809
94.0966683147
57.599858888
60.8358233584
56.7213030917
50.9895742394
668.299312079
35.1323862726
-5.59087269231
207.319724832
216.222432775
153.373224261
60.8358233584
16.6558599611
-3.67594683539
10.2650887574
235.257881635
163.416906999
36.7027319366
14.1062833647
-8.75863051312
108.967607638
-6.9919261246
8.73872055954
13.2903081354
284.14965604
171.083654145
292.323052977
44.8555891473
100.691662781
223.494447191
125.285331239
-13.8693782313
-6.39774414545
309.759633109
138.468916952
652.619734282
163.416906999
43.9188948582
42.8970550055
99.0317114974
41.2483113853
-4.29930914588
141.30783263
197.406185321
78.765110994
190.493305365
8.56418076692
55.0916868099
72.712433214
350.441287575
119.514089165
163.416906999
153.373224261
14.8187598042
137.801182974
54.9297628615
116.931570469
117.128361534
-0.484144251285
426.833813997
207.319724832
15.583646293
135.696022569
54.8456297781
45.1227293684
21.6304903595
27.9668083334
14.8279906294
44.7846995778
113.366925694
84.2714358263
1.42532208823
14.2141894774
48.7658975758
41.7378524445
28.7695375047
49.7436976095
360.979587247
426.833813997
582.932721848
94.0966683147
170.264772545
125.220643788
426.833813997
-1.74699274903
40.845238965
116.931570469
668.299312079
35.3982059332
149.178155269
82.9239869033
476.224484059
28.7695375047
40.3006847721
183.679745998
171.164463087
94.5646042516
144.215155914
106.99040031
582.932721848
142.620835393
102.698579409
145.855779865
9.12816558422
49.6841087855
35.9483697625
54.9297628615
9.46744132359
93.0462661038
4.45265148936
145.855779865
442.328926173
13.4765916392
32.7969395956
44.7846995778
130.489793624
10.5731730541
90.4183108793
-8.40087453839
319.072352043
9.38354831415
67.6289408173
68.3165593286
78.3508872307
132.63159204
54.9297628615
309.759633109
405.183109312
22.7318655
36.2385310872
2.98039215686
30.7195863101
44.7846995778
102.698579409
88.807270899
58.6819257327
108.961737456
32.3958130266
385.241670787
13.2166027586
21.6304903595
54.9297628615
16.5057720281
5.91148552995
412.199541386
-11.2218259028
12.2783557575
-1.55480651727
6.49658819264
5.15594764355
300.851814998
50.1470958585
183.679745998
10.2393569522
3.60906193148
350.441287575
268.542871653
-5.59140988714
43.4960392114
0.474491800761
170.264772545
256.689018612
20.2104686063
43.0574065575
45.2466526826
458.763136058
80.9403012782
93.0462661038
114.021064677
78.765110994
28.7961288275
-9.27886345228
72.76515401
93.0462661038
235.257881635
27.7503459028
50.9895742394
67.6289408173
97.0538175018
29.617622179
130.489793624
108.961737456
16.1973221461
125.220643788
46.8830285572
99.0317114974
96.7947372903
4.00250650505
19.2344584759
145.855779865
300.851814998
97.3894195762
164.148427269
102.698579409
18.0721115561
-1.55480651727
36.7027319366
10.4070498282
16.2443133865
46.1447153466
53.4334435863
637.567339596
-12.2273135225
-6.17776613755
-13.3455111604
136.399788332
-13.9279095214
-1.44113149847
94.0966683147
45.2466526826
163.416906999
78.3508872307
166.708657117
93.0462661038
668.299312079
164.223536638
18.3295424363
113.366925694
212.528533727
55.0916868099
113.366925694
40.0828138928
16.5057720281
53.9037379419
16.9230345545
70.0063569647
102.698579409
7.00564508993
426.833813997
0.537205937907
248.269562426
35.9483697625
35.5418270724
17.196658908
-15.6263201347
309.759633109
51.4725481197
104.879816554
-10.560283051
-7.7171909621
102.628389999
26.2117865163
8.80596379127
80.9403012782
116.931570469
68.9154828408
32.2556755257
51.3171202265
55.9219841607
197.406185321
13.4765916392
72.9984732824
153.373224261
306.625481217
130.489793624
108.967607638
138.468916952
18.0721115561
130.489793624
93.0462661038
-7.12717595969
183.679745998
27.1545816758
123.402941477
106.835285111
60.2721684774
9.12816558422
55.9219841607
102.698579409
45.2466526826
21.5165207928
-4.81092058819
309.759633109
138.468916952
84.2714358263
183.679745998
55.9219841607
56.3820590337
292.323052977
69.2196004762
54.9297628615
385.241670787
35.5418270724
103.885101049
108.509412045
234.043633129
125.220643788
54.9297628615
183.679745998
42.8970550055
51.4725481197
93.0462661038
45.9565884314
84.2714358263
45.2466526826
-3.25151375442
268.542871653
86.105273632
309.759633109
145.855779865
55.9219841607
360.979587247
198.08614619
147.193389523
68.7767879449
116.931570469
101.044779198
22.7318655
16.1973221461
40.3288519864
31.5929463841
12.380357857
514.639449663
93.0462661038
11.1344581965
47.0852179065
56.3820590337
28.4756166972
-9.68812387807
84.2714358263
52.9706052494
9.46744132359
28.7852250866
251.222542665
-7.17863967774
97.3894195762
102.698579409
349.73618268
125.220643788
-0.784578743035
426.833813997
339.028178331
84.2714358263
-6.97260937925
89.3176797745
14.4932345355
284.14965604
21.2535173158
90.7911515899
84.2714358263
122.745691658
41.5547253732
94.0966683147
15.2288856038
38.6017363924
113.366925694
62.1588635272
130.339294783
-1.29846659365
7.50702689172
102.698579409
36.8343016545
29.1081357179
102.923702368
-5.59087269231
92.0748280198
70.9672138062
116.931570469
6.21245091669
30.2185098978
34.4461404009
385.241670787
2.30601992859
44.7846995778
701.703629996
29.1959326531
138.468916952
9.46744132359
10.6641163296
637.567339596
125.220643788
42.3410855446
104.612039857
120.324542836
58.4878551342
609.199364996
9.38354831415
319.072352043
141.871215614
115.636786605
117.128361534
167.526330846
412.199541386
254.599682498
50.1470958585
-12.9806501548
47.2549156567
90.4183108793
-3.71044213157
558.542267496
34.0496079172
50.1470958585
-14.9623520821
514.639449663
12.2742987934
1.36740972948
87.1051359819
104.879816554
-3.18491982488
183.679745998
-12.0193895773
217.916956722
2.17889831536
6.72336130435
104.879816554
22.3310606295
135.696022569
113.366925694
102.698579409
128.556170036
-4.25028005914
637.567339596
28.7695375047
46.2732162189
40.1769661426
19.0489079101
55.9219841607
135.187983161
60.8358233584
56.3820590337
426.833813997
-0.569106587916
40.3288519864
38.54700142
113.366925694
183.679745998
147.193389523
12.8958640857
49.6841087855
68.7767879449
2.27655458333
59.6532070102
116.931570469
18.3431798093
8.9892792415
328.818220695
22.7318655
7.71843493347
113.366925694
50.1470958585
237.830965682
45.2466526826
-5.36538586156
68.9154828408
7.00564508993
229.271133748
51.3171202265
32.7969395956
44.7522410226
72.5678401791
22.3310606295
55.0916868099
78.3508872307
137.924948257
127.751212819
62.1588635272
102.698579409
41.2483113853
32.2497952751
36.1719099671
25.3770424734
16.8874909524
5.73306365243
115.636786605
125.220643788
268.783669798
97.3894195762
130.489793624
55.9219841607
39.7921237303
75.5278594627
138.468916952
53.4334435863
130.489793624
44.3444995604
-9.36775349166
84.391834899
40.3288519864
-5.34116011276
17.3666819102
93.0462661038
24.9201841237
125.220643788
12.2742987934
94.0966683147
90.7911515899
21.7472561815
68.4019161538
150.873244761
78.3508872307
156.099770693
14.2780850178
65.9961744945
7.57231130569
116.931570469
28.6531752025
145.855779865
130.489793624
47.0852179065
25.1058011796
73.2466490675
349.73618268
125.220643788
90.0946751536
514.639449663
164.223536638
30.773277038
36.0764625323
163.416906999
47.5134679192
53.7850432728
49.6841087855
426.833813997
25.105647227
44.4247529954
25.4677544918
41.2483113853
50.6020300804
821.959174495
22.7318655
14.4793322196
156.099770693
159.706809717
60.3758308416
43.7578577369
56.7213030917
145.855779865
147.193389523
145.855779865
58.1170163227
87.6838698231
39.99677367
35.1323862726
35.1323862726
145.855779865
94.0966683147
125.220643788
32.0742136343
45.6322150351
24.0733494479
113.366925694
132.986872884
100.691662781
4.02528166372
73.8588148403
147.193389523
57.1983051006
185.361419569
254.599682498
147.193389523
106.835285111
125.220643788
238.854567681
45.1227293684
47.7145810383
5.91148552995
1.21763834106
87.6838698231
207.319724832
145.855779865
188.11224203
164.223536638
104.879816554
175.211693879
47.2093997709
94.0966683147
125.220643788
21.6304903595
163.416906999
78.3508872307
120.992109357
175.211693879
514.639449663
96.1615264883
111.144353551
73.2466490675
49.7436976095
80.9403012782
268.783669798
6.66888045541
52.5027526302
122.745691658
205.74437811
130.339294783
43.7936169098
47.5134679192
32.3893569124
189.569399156
9.94146164271
-21.7014008983
4.25470602246
195.026935838
95.1236348137
62.1588635272
494.812370642
127.644240616
135.696022569
17.1968704849
306.625481217
35.5418270724
-8.83616396921
170.264772545
32.3893569124
385.241670787
13.219832999
130.489793624
122.745691658
84.2714358263
116.931570469
110.050341356
74.0512892855
16.1973221461
94.9024802009
67.0218165645
108.314035645
9.46744132359
-3.44322643938
412.199541386
113.366925694
20.8377870313
183.679745998
91.2250749141
4.51791335193
125.220643788
32.2497952751
94.0966683147
75.6112713324
127.644240616
2.10349635449
68.9154828408
86.9190783515
28.5068663666
229.271133748
145.855779865
99.4634766622
22.3764841995
154.140925761
52.6391096261
426.833813997
64.4911829802
25.4214960223
73.1075553448
175.211693879
130.489793624
54.5139607947
183.679745998
412.199541386
-9.62898788879
23.4646025995
114.409110348
139.469915453
28.7695375047
43.9270276784
54.9297628615
12.0272264071
58.4878551342
183.679745998
398.356310538
84.2714358263
113.366925694
48.0220664282
32.3893569124
163.416906999
558.542267496
582.932721848
125.220643788
11.2100551177
223.494447191
-16.2301483371
84.2714358263
55.9219841607
40.3288519864
100.019686614
76.2596342687
83.7140131926
-2.29670808015
38.5961744578
49.004974077
43.0574065575
104.879816554
53.9037379419
385.241670787
69.4272838405
125.220643788
268.783669798
23.0564918534
183.679745998
40.7629023673
125.220643788
9.46744132359
130.489793624
11.1344581965
5.53289444146
60.3758308416
21.6304903595
103.829585406
33.8635273087
207.319724832
235.257881635
4.72892923695
-3.25151375442
24.0733494479
360.979587247
170.264772545
442.328926173
145.855779865
113.366925694
289.804960402
309.759633109
378.939830906
42.1051665685
28.7695375047
2.10349635449
558.542267496
153.373224261
212.528533727
19.2344584759
34.0496079172
171.083654145
476.224484059
36.7027319366
84.2714358263
102.698579409
111.144353551
49.6841087855
256.701774461
40.3288519864
58.1170163227
412.199541386
14.7692737821
20.6268675188
0.454279064012
41.7040513977
40.845238965
30.1533562824
167.234543332
7.66327721088
31.8437397618
14.7923306795
76.2596342687
29.5738655075
183.679745998
78.3508872307
6.68487567642
50.2807015948
50.0994608951
223.494447191
132.986872884
426.833813997
64.2962051015
56.0626253355
93.0462661038
-3.16889821157
54.2558296681
21.6304903595
94.5646042516
50.1470958585
514.639449663
43.9188948582
44.7846995778
44.4247529954
34.2374698073
102.698579409
48.2800734903
36.8343016545
360.979587247
-7.10443914696
28.7852250866
48.7180558451
82.6113328009
9.48964338425
183.679745998
78.3508872307
29.1081357179
41.2483113853
30.0316020796
95.2401418941
138.468916952
40.845238965
56.3944158528
62.1739871461
64.9697927281
84.2714358263
126.175376598
62.1739871461
146.73677447
31.5929463841
-7.7171909621
67.0218165645
14.2283256592
12.2783557575
309.759633109
292.323052977
86.105273632
4.11154096126
8.56418076692
139.469915453
45.9565884314
145.855779865
349.73618268
98.7240974598
241.466360924
22.3310606295
21.4882709269
78.3508872307
9.48964338425
62.5257957988
102.698579409
113.366925694
2.54707654451
17.4508478664
113.366925694
44.3485686371
145.855779865
-7.19685392343
476.224484059
309.759633109
192.685452221
-5.14504314603
48.7180558451
139.19145954
189.569399156
44.7522410226
50.1470958585
170.264772545
78.3508872307
159.869973601
153.373224261
372.799576664
102.698579409
72.1102493969
39.7921237303
145.855779865
50.1470958585
156.099770693
22.3310606295
40.845238965
-5.40206836369
183.679745998
36.0764625323
114.021064677
102.698579409
36.8343016545
22.7318655
36.7027319366
52.8912133502
50.1470958585
54.9297628615
0.101467014203
91.2250749141
426.833813997
106.835285111
22.7318655
68.9154828408
84.2714358263
442.328926173
122.158837228
185.878813797
65.9151832765
167.234543332
183.679745998
102.698579409
35.1323862726
122.745691658
55.9219841607
141.289294251
153.373224261
22.3129706801
93.0462661038
268.783669798
33.0340452469
36.7027319366
426.833813997
179.381568029
35.9234006994
28.7695375047
50.9895742394
35.7052259587
55.0916868099
76.2596342687
9.48964338425
94.0966683147
116.931570469
84.391834899
102.698579409
171.083654145
189.569399156
35.7052259587
5.28163563344
-15.465215537
53.5595298553
136.399788332
268.542871653
45.1227293684
94.0966683147
62.1588635272
163.416906999
36.9061970599
14.0517118586
93.0462661038
44.7522410226
-13.2238655496
60.8358233584
268.783669798
27.5059434774
16.8874909524
582.932721848
33.6263252052
55.0916868099
14.4301764429
34.8528803401
111.575900977
32.7969395956
12.4060577558
116.931570469
130.489793624
78.3819709987
-20.0303707279
-13.3849721707
54.8456297781
71.2168517414
197.406185321
54.9297628615
9.46744132359
145.855779865
385.241670787
125.220643788
40.8196808803
84.2714358263
212.528533727
35.0146416104
14.4711552125
378.939830906
68.9154828408
130.489793624
32.3893569124
93.0462661038
183.679745998
268.783669798
-14.4612161061
98.270790214
45.9565884314
426.833813997
23.8532100792
116.931570469
151.789487855
84.2714358263
15.2288856038
76.2596342687
39.8069264337
72.712433214
37.6881995175
116.931570469
-3.86211573952
185.361419569
1576.28940817
48.8111348876
137.801182974
26.2117865163
5.60790217828
189.569399156
170.264772545
102.698579409
111.944637815
-2.90973711386
138.468916952
35.9234006994
145.855779865
152.591554656
15.8277596623
67.0218165645
175.211693879
29.0646025461
217.916956722
45.2466526826
68.4114481901
60.8358233584
170.264772545
108.967607638
116.931570469
102.698579409
122.158837228
106.835285111
412.199541386
4.72892923695
9.63578206654
2.54707654451
167.526330846
48.7180558451
28.7695375047
102.698579409
223.494447191
164.223536638
115.636786605
360.979587247
171.164463087
54.9297628615
12.380357857
12.2783557575
207.319724832
7.00564508993
125.903045121
183.679745998
130.489793624
268.783669798
45.2466526826
-5.95259348659
56.7213030917
821.959174495
167.526330846
13.7776518197
32.2497952751
95.9016288647
62.5257957988
38.8760237632
340.649085672
32.3893569124
40.845238965
78.3508872307
44.4247529954
137.801182974
104.879816554
164.223536638
466.48797204
4.45265148936
268.783669798
546.988894382
113.366925694
41.5547253732
45.9565884314
12.0272264071
93.0462661038
56.3820590337
234.043633129
-18.1033917093
102.698579409
426.833813997
43.1239656714
54.9297628615
111.144353551
38.3386343125
29.1081357179
33.0340452469
27.7225656081
309.759633109
235.257881635
268.783669798
21.1198620094
126.175376598
46.4756237533
145.855779865
48.8111348876
32.3893569124
36.8163292606
163.416906999
84.2714358263
426.833813997
54.9297628615
26.9455405862
26.6866121306
36.7027319366
1.36740972948
-8.97787854425
1.37929942986
64.4911829802
78.3508872307
135.696022569
183.679745998
46.2732162189
15.2288856038
87.6838698231
183.679745998
84.8297641896
125.903045121
7.68981389975
309.759633109
32.3893569124
145.855779865
139.19145954
44.39043
47.2093997709
113.366925694
40.0828138928
21.0621558113
3.94798944049
1.35874196628
54.5139607947
30.3448135527
24.101978682
138.468916952
106.835285111
145.855779865
183.679745998
254.599682498
24.2994867206
419.413619434
62.6501924869
8.75062906479
145.855779865
43.453484131
126.175376598
102.698579409
9.46744132359
84.391834899
125.220643788
111.144353551
29.5541064099
26.7629265648
67.6289408173
398.356310538
-10.560283051
145.855779865
15.7569721138
84.2714358263
90.7911515899
94.5646042516
164.223536638
143.260980719
-11.4896242361
-14.7783849641
62.5257957988
44.8555891473
202.535193148
153.373224261
139.19145954
426.833813997
84.2714358263
171.164463087
164.223536638
609.199364996
426.833813997
2.54707654451
183.679745998
47.2093997709
150.245159764
9.81605642507
14.4301764429
145.855779865
514.639449663
28.8112661851
217.916956722
20.935607807
106.835285111
23.6609129856
145.855779865
45.2466526826
94.5646042516
476.224484059
116.931570469
88.807270899
58.4878551342
104.879816554
15.8277596623
94.5646042516
79.6209305426
207.319724832
84.2714358263
-7.10443914696
54.179494822
268.783669798
28.0953514445
-3.00504504505
45.2466526826
36.7027319366
637.567339596
309.759633109
145.855779865
85.5380361417
22.3129706801
56.7213030917
2.10349635449
268.783669798
17.0028198182
54.9297628615
14.1117117117
94.0966683147
94.5646042516
104.114693798
207.319724832
42.3410855446
78.3508872307
395.676975535
0.454279064012
116.931570469
13.4765916392
76.2596342687
145.855779865
69.6460282068
113.366925694
0.314989612054
62.5257957988
116.931570469
261.552617449
-5.34116011276
156.099770693
18.3295424363
7.00564508993
-8.19259638566
72.1102493969
45.2466526826
132.986872884
38.330145412
102.698579409
1217.08453499
56.3820590337
79.6209305426
30.773277038
82.8415202737
126.775652492
247.909122451
36.1719099671
42.3410855446
94.0966683147
63.0071942446
56.7213030917
94.0966683147
49.9320285756
108.967607638
137.801182974
41.2483113853
118.934882647
102.698579409
8.68313009642
50.1470958585
181.525804735
305.397158818
120.324542836
45.9565884314
-3.83162511495
142.620835393
412.199541386
183.679745998
45.223386149
102.698579409
9.09499155556
114.021064677
319.072352043
113.366925694
9.46744132359
106.99040031
126.175376598
51.3171202265
54.9297628615
21.1168621507
50.1470958585
35.7052259587
-4.41830386614
-8.84704307155
94.0966683147
10.217442403
-2.24138983549
701.703629996
15.2288856038
924.399082772
136.399788332
67.5194871148
137.801182974
360.979587247
9.03081009296
13.4991635485
31.7329164365
33.8635273087
-35.6860070091
84.2714358263
-11.5391151976
125.220643788
35.1323862726
40.3713376721
300.851814998
135.696022569
100.425907499
268.783669798
76.0565487062
40.3288519864
102.698579409
84.2714358263
94.0966683147
11.1344581965
170.264772545
41.6128851693
125.220643788
102.698579409
197.406185321
138.468916952
45.9565884314
-7.32449915392
147.193389523
62.5257957988
54.9297628615
102.698579409
51.1695097587
125.220643788
65.8880263597
84.4401938827
102.698579409
19.0489079101
33.0340452469
55.9219841607
105.094153089
104.879816554
86.105273632
-14.3321209828
55.9219841607
152.591554656
41.7363160814
116.931570469
60.1887461938
40.1769661426
57.6430540014
-13.192464383
84.2714358263
54.9297628615
59.5281318218
60.3758308416
64.6315882129
159.706809717
84.2714358263
514.639449663
60.3758308416
116.931570469
211.843968321
30.773277038
163.416906999
0.314989612054
-5.36538586156
110.050341356
29.798583444
103.829585406
43.5303390766
171.164463087
62.5257957988
185.361419569
117.95546173
-7.17863967774
62.1588635272
268.783669798
309.759633109
102.698579409
41.5547253732
17.4848121292
57.8465298445
63.6922483763
37.8901900741
84.2714358263
117.95546173
474.429392209
385.241670787
211.843968321
360.979587247
116.931570469
60.1531564441
54.9297628615
349.73618268
45.9565884314
15.2288856038
42.2891208356
104.879816554
-1.8145076
163.416906999
339.028178331
268.783669798
94.0966683147
82.8415202737
49.6841087855
36.8343016545
12.3193448192
45.2466526826
55.0916868099
207.319724832
16.1973221461
21.6304903595
4.72892923695
45.796209856
2.54707654451
56.7213030917
72.7636412035
29.2333542764
23.5667279086
41.2483113853
268.783669798
476.224484059
8.56418076692
29.6710202245
54.9297628615
145.855779865
51.0260007771
426.833813997
138.468916952
19.6365478946
66.1754132108
111.144353551
223.494447191
55.9219841607
41.7040513977
138.468916952
57.3393924158
9.79029710581
60.1531564441
183.679745998
-1.1649083959
5.14957126493
66.3156764283
50.1470958585
32.687807665
70.1724939241
268.783669798
119.514089165
247.909122451
16.4091240694
14.4932345355
207.319724832
84.4401938827
54.9297628615
117.128361534
49.0430730948
46.7491262603
11.7014707384
102.698579409
72.712433214
94.5646042516
72.712433214
458.763136058
197.406185321
93.0462661038
90.3781588236
156.099770693
2.17889831536
181.525804735
40.1769661426
153.373224261
37.9776977763
0.162541096583
116.295407506
4.2372263768
197.406185321
16.9230345545
60.3758308416
-3.00504504505
19.1767406627
2.27655458333
-11.413993717
106.835285111
0.206591136291
59.605180637
4.11154096126
90.0946751536
139.469915453
31.5929463841
7.00564508993
125.220643788
103.885101049
117.128361534
39.8069264337
90.4183108793
32.0742136343
306.625481217
120.324542836
36.7027319366
33.0340452469
67.0218165645
254.599682498
558.542267496
637.567339596
78 1632
