38.5252991183
70.1407600241
17.20226873
229.428731797
40.849729222
229.428731797
68.5047911777
13.6856813561
70.3941716192
336.008615614
78.2149569284
80.7840601325
32.2240003017
75.2449828248
59.3136207498
58.5725428327
86.4308327923
90.4836769835
70.789333723
34.7662993715
74.4034462455
150.391435786
-5.50702430817
103.990908266
-0.389811168584
723.571829493
8.24404941932
12.2444367316
97.6572390782
17.1126859815
56.045188746
147.071548848
103.072505902
33.0247442652
45.6547215019
24.761614623
66.5650891109
44.3290144138
59.6296931183
70.3941716192
128.06604509
41.1837421987
196.485858617
-11.1625113722
5.10112844494
49.5425059263
23.5357744239
59.6052131292
40.7995641185
229.428731797
74.4034462455
28.0920002923
139.101498885
202.536590426
111.775613298
-11.823819521
29.4294809067
13.6856813561
-0.329199663079
13.6856813561
-18.6227833696
-9.34289758936
9.33646725353
192.074971375
59.3136207498
18.2733818184
64.7143658985
349.220997905
6.20908049987
119.250956901
97.6572390782
51.8127410871
48.2429293087
16.8299885499
41.3323682716
16.8299885499
27.3896699618
270.607323272
94.7166475831
22.7805358646
31.5629338887
64.0638404282
91.5283324401
229.428731797
45.3671076524
34.7662993715
124.610498953
91.8445872884
-7.25582842433
323.551226596
196.485858617
270.607323272
230.65091099
33.2531820147
-2.66482126934
48.2429293087
7.67060426696
85.3036616358
64.7143658985
45.3362052046
41.3428968742
111.775613298
97.6572390782
41.1837421987
83.0159621095
74.4034462455
-2.02371595238
323.551226596
94.7166475831
90.0550375752
85.3036616358
169.532598743
270.607323272
46.1673046007
48.512464107
311.785914746
589.181447274
311.785914746
12.2444367316
-4.32885840078
70.1407600241
1.63378289255
70.789333723
10.782270523
46.0374856873
90.0550375752
18.3481781377
118.004307807
90.0550375752
270.607323272
-33.9532815914
97.6572390782
71.0318140553
39.5233362097
23.9593461013
80.7840601325
9.33646725353
-5.7822672985
363.25915409
13.8595558153
119.250956901
68.4578742144
15.1597074805
70.3941716192
128.06604509
-4.8563407756
62.1900990099
117.698484061
1.52671959257
65.3254554951
57.6516926674
75.2449828248
40.7995641185
56.045188746
6.44209085714
13.8595558153
270.607323272
26.6712991376
118.004307807
38.7871418515
72.3754991961
0.43084186074
13.8402158073
-7.57002507255
196.485858617
17.3329700987
16.21188697
59.3136207498
-0.611749907418
56.045188746
31.1757861801
50.1450756258
46.3908574769
41.3428968742
517.678872119
2.31711322048
7.27251104922
147.071548848
131.26822045
119.056228531
51.8127410871
11.5634114912
0.417066846361
30.6190904367
169.532598743
111.775613298
-4.26209808184
14.8538626781
12.4966044584
80.6649307472
3.80772373227
6.41979541219
6.40347541945
208.83943606
104.634226441
215.410487891
32.2240003017
46.7751775333
160.075314577
84.4684029735
6.40347541945
0.8046875
229.428731797
74.4034462455
505.073180852
111.775613298
24.2349095163
38.1916489766
86.3156367888
-0.983438818887
-11.3168371565
76.4796777484
139.101498885
84.1881074442
199.305674597
1.34792604738
25.174987732
62.4610355213
229.428731797
76.4796777484
111.775613298
85.3036616358
21.4549373406
64.7143658985
59.6296931183
74.4034462455
48.2429293087
20.9569214286
323.551226596
147.071548848
2.5434326352
72.3754991961
65.1341652948
44.2548227837
13.3213780133
-7.74324344334
-0.389811168584
5.88780664905
56.045188746
59.3136207498
-14.3566759184
10.0725607787
45.1179028348
20.5571767457
26.0234419355
40.6748140855
270.607323272
323.551226596
449.047886328
56.045188746
97.6572390782
64.7143658985
323.551226596
6.07269211164
24.2104245258
74.4034462455
517.678872119
19.9996285101
100.32828285
73.2443180297
363.25915409
26.0234419355
17.4462952323
128.06604509
118.004307807
59.3136207498
78.6059389261
93.3464155355
449.047886328
95.0564859325
48.2429293087
97.6572390782
3.64373673248
59.6296931183
29.2047251204
36.6314669784
2.47360023381
66.8999836427
1.89129347975
104.634226441
336.008615614
-2.40609501542
17.1126859815
9.62547845052
85.3036616358
3.50868710486
62.7544332609
-4.45774752865
236.915748429
-8.91235534772
34.7662993715
58.8737988121
46.0374856873
61.1336188138
59.6296931183
229.428731797
306.145011805
54.2477704225
18.4478395247
14.6507029656
24.2353126157
9.62547845052
48.2429293087
52.3869415868
35.6286943841
95.1878099692
22.1441470416
290.112971865
2.86192602041
-9.58087041063
59.6296931183
-2.40609501542
-8.91235534772
311.785914746
-7.11027639426
8.20692415538
-4.22218412903
-23.426892058
-4.43468498745
222.267237628
13.6856813561
128.06604509
3.29945508443
4.10632159888
229.428731797
218.6272415
-10.2744964442
40.862893297
-0.246741794261
97.6572390782
160.075314577
6.06972263506
54.9491826266
28.0920002923
349.220997905
27.8963915256
66.8999836427
75.2449828248
84.1881074442
17.4588410185
-12.9292582991
69.2111993209
66.8999836427
169.532598743
26.5393182313
41.3428968742
34.7662993715
110.088655539
23.9593461013
85.3036616358
95.1878099692
-12.3775085876
64.7143658985
11.2142535005
86.3156367888
43.9251740861
-12.9099697354
3.08528401458
97.6572390782
222.267237628
34.7662993715
181.699458444
75.2449828248
-7.71091062832
23.398216338
20.5571767457
3.64373673248
16.8022144768
41.3323682716
43.3197206067
492.971717235
-12.7900833863
-8.2794376275
-11.6789046766
96.7636792702
14.2576077204
-21.9861111111
61.5533366639
49.6528372984
111.775613298
46.0374856873
95.0564859325
46.1673046007
517.678872119
83.0159621095
-14.9187689533
56.045188746
151.259202218
46.3908574769
56.045188746
13.0612792418
14.0212093702
58.5725428327
14.0037236637
24.3335815723
75.2449828248
4.10632159888
323.551226596
-0.482126984127
225.313016615
29.2047251204
2.31711322048
26.7167748299
-15.5053411482
229.428731797
64.0638404282
64.7143658985
-14.9968913682
25.9676743273
62.9043179216
23.0029372443
-11.2043419159
46.0374856873
74.4034462455
23.5357744239
46.7939624884
41.3428968742
34.8038329421
139.101498885
-2.40609501542
62.1900990099
85.3036616358
196.485858617
91.8445872884
80.6649307472
74.4034462455
-7.71091062832
85.3036616358
66.8999836427
16.4134116396
128.06604509
3.35273980442
109.129796396
78.8214110457
5.84528953843
3.64373673248
18.0582075621
75.2449828248
28.0920002923
16.21188697
15.6979248447
229.428731797
74.4034462455
59.3136207498
128.06604509
34.8038329421
25.174987732
215.410487891
56.6680990505
59.6296931183
290.112971865
8.50295550725
99.879773022
95.1878099692
215.303385335
64.7143658985
59.6296931183
136.116415124
38.1916489766
64.0638404282
66.8999836427
2.31711322048
34.7662993715
49.6528372984
-13.9024545255
179.046672419
76.2572626911
229.428731797
97.6572390782
14.0330225451
270.607323272
118.004307807
80.7840601325
57.6516926674
74.4034462455
37.2619715821
19.9278638132
-12.3775085876
49.6528372984
22.8459709665
9.52316329973
394.143097696
41.1837421987
-11.0431559265
29.7134180175
46.3908574769
22.8671932722
-6.14088687151
34.7662993715
53.4665510858
2.47360023381
20.5571767457
182.367484397
1.42128317381
85.4349822036
48.2429293087
261.568120265
64.7143658985
-0.482126984127
323.551226596
252.959355497
34.7662993715
-16.1443109484
145.546481737
1.57604176129
208.83943606
18.2260837994
78.2149569284
34.7662993715
62.9043179216
32.2240003017
56.045188746
7.86694761454
71.0294722689
56.045188746
40.1959862598
68.4578742144
-5.18646777479
-9.56037115339
48.2429293087
-4.0777063558
13.8595558153
91.5394396894
35.6574954294
54.4197180299
61.3757483997
74.4034462455
0.8046875
26.9077923949
-8.69947925083
290.112971865
11.8899718119
9.62547845052
544.534475255
55.4656050987
74.4034462455
-12.3775085876
-2.40609501542
492.971717235
64.7143658985
40.4399186091
91.5394396894
90.4836769835
27.9160458575
470.165112726
6.41979541219
236.915748429
136.895679049
86.4308327923
48.2429293087
119.056228531
311.785914746
185.082556363
29.8110983887
-11.4415379767
37.5484566897
62.7544332609
-8.54964405957
429.439033245
38.1916489766
29.8110983887
-21.8212763473
394.143097696
-10.1307780386
-1.47577891592
70.789333723
64.7143658985
-8.359375
128.06604509
-1.80350457758
155.591257429
-10.7539776336
-11.3137041635
64.7143658985
19.7222698387
72.3754991961
56.045188746
48.2429293087
56.045188746
-2.06490766823
492.971717235
26.0234419355
36.6314669784
24.2349095163
13.0658946173
34.8038329421
92.5769042031
29.8110983887
46.3908574769
323.551226596
-3.59514348592
49.6528372984
39.2119416729
56.045188746
128.06604509
80.7840601325
9.83694480616
40.7995641185
57.6516926674
-0.231441801075
49.0410677167
74.4034462455
10.782270523
-5.45473602442
244.750998392
19.9278638132
8.73561054217
84.4684029735
9.80957726568
147.071548848
28.0920002923
-11.1625113722
23.5357744239
4.10632159888
164.719516623
41.3428968742
-6.99746670807
35.1305680632
83.9829646139
19.7222698387
44.7827514963
46.0374856873
91.281199108
66.5650891109
40.1959862598
48.2429293087
-0.983438818887
29.4294809067
36.8254512442
17.1126859815
14.0212093702
-11.1641203565
57.7052439454
64.7143658985
196.485858617
34.7662993715
85.3036616358
18.0582075621
20.8586088447
63.9577603741
106.170568029
43.3197206067
91.8445872884
27.296397806
-13.8635165864
48.2429293087
49.6528372984
-7.90594627792
9.56532545663
41.1837421987
18.8879526445
64.7143658985
4.00267441118
56.045188746
78.2149569284
8.39322577211
73.5105359981
101.691060284
46.0374856873
105.892957373
6.6820274183
71.0318140553
-9.16617142857
74.4034462455
25.5630807682
97.6572390782
85.3036616358
29.7134180175
11.3833837244
26.7033583835
261.568120265
64.7143658985
58.2223400317
394.143097696
83.0159621095
13.0612792418
45.1179028348
111.775613298
22.7805358646
64.0031093681
40.7995641185
323.551226596
17.1126859815
27.9996037441
22.7920716294
-0.983438818887
13.6856813561
641.214646543
19.9278638132
18.6521310943
105.892957373
108.792858181
46.3908574769
8.84799278775
46.3908574769
97.6572390782
80.7840601325
97.6572390782
68.6229152658
37.2619715821
44.2436986009
2.31711322048
16.8299885499
97.6572390782
56.045188746
64.7143658985
40.849729222
42.5265117127
0.139990185592
84.4684029735
70.3941716192
46.7751775333
-6.56080362823
62.3987325417
80.7840601325
36.6705840669
133.6599771
185.082556363
80.7840601325
51.2682952129
64.7143658985
147.071548848
42.1374074296
57.5293024194
-8.91235534772
-0.303736551632
37.2619715821
155.792783051
97.6572390782
131.629577045
83.0159621095
64.7143658985
121.258103446
43.5608056893
61.5533366639
80.8382591787
13.8595558153
111.775613298
46.0374856873
61.1336188138
121.258103446
394.143097696
57.7052439454
54.4197180299
26.7033583835
20.8586088447
23.5357744239
196.485858617
5.02666575735
51.547177011
92.5769042031
150.349975464
68.4578742144
34.2356636389
22.7805358646
17.3329700987
119.250956901
-3.2695678005
-15.7193255504
0.571117227498
137.188686894
56.8708246653
40.1959862598
378.20299777
83.0159621095
72.3754991961
11.3833837244
196.485858617
77.4034847619
-4.96241887755
97.6572390782
17.3329700987
290.112971865
-10.5348695639
85.3036616358
62.9043179216
34.7662993715
74.4034462455
81.6010184713
63.7204233936
1.98924021197
42.5412781814
57.6516926674
122.09372157
1.34792604738
-8.359375
311.785914746
61.5533366639
1.52671959257
128.06604509
65.3254554951
5.01953494624
64.7143658985
29.4294809067
56.045188746
46.1673046007
83.0159621095
6.44209085714
46.0374856873
45.3308081187
47.3429489231
164.719516623
97.6572390782
86.3156367888
19.588926999
85.3036616358
59.4519026654
323.551226596
32.7613506248
11.1575506199
47.9585756917
121.258103446
85.3036616358
44.3290144138
128.06604509
311.785914746
-14.1449747446
9.33646725353
72.3754991961
92.5232848164
7.86694761454
53.4900895368
40.7995641185
-5.07829512459
27.9160458575
128.06604509
300.656565699
59.3136207498
56.045188746
52.5124456544
17.3329700987
119.250956901
429.439033245
449.047886328
64.7143658985
8.8384271261
160.075314577
-27.9966517857
34.7662993715
18.0582075621
31.9995913611
89.4353757895
33.4571042006
74.5220516376
-7.5186353211
50.4856296805
39.1831582123
54.9491826266
64.7143658985
58.5725428327
290.112971865
121.754355952
64.7143658985
196.485858617
19.7222698387
128.06604509
6.58032627134
64.7143658985
-12.3775085876
85.3036616358
4.0341119125
-6.37338759394
71.0318140553
13.8595558153
66.8999836427
33.0247442652
147.071548848
169.532598743
1.89129347975
-12.7900833863
15.826201197
270.607323272
97.6572390782
336.008615614
97.6572390782
56.045188746
237.009582355
229.428731797
285.046569633
29.7134180175
26.0234419355
-4.05770894943
429.439033245
85.3036616358
151.259202218
3.08528401458
38.1916489766
97.6572390782
363.25915409
-4.26209808184
34.7662993715
48.2429293087
82.5468571092
59.6296931183
192.074971375
31.9995913611
44.3290144138
311.785914746
-22.7153989949
13.8595558153
-2.26753482554
24.9678051632
24.2104245258
25.5385523259
114.844825085
16.21188697
16.9864410078
-1.29346706278
52.3869415868
19.9630015587
128.06604509
46.0374856873
10.2410605439
40.3747948408
47.150753145
160.075314577
70.3941716192
323.551226596
60.2241134925
69.0354719563
41.1837421987
10.8771779762
48.7864323863
47.8362373016
59.3136207498
29.8110983887
394.143097696
40.849729222
25.174987732
27.9996037441
16.0562800164
48.2429293087
45.3671076524
28.0920002923
270.607323272
-5.79647446245
20.5571767457
20.030810154
33.5521885664
-4.22218412903
128.06604509
68.913210079
-9.58087041063
-0.983438818887
15.3613617146
108.212643198
74.4034462455
24.2104245258
14.0330225451
51.8127410871
54.0956394493
34.7662993715
54.4197180299
51.8127410871
68.4578742144
22.8459709665
-0.389811168584
34.8038329421
4.99219521314
8.20692415538
229.428731797
215.410487891
76.2572626911
1.89129347975
2.47360023381
92.5232848164
35.1305680632
97.6572390782
261.568120265
45.3362052046
174.523943164
19.7222698387
13.8402158073
46.0374856873
11.5634114912
51.8127410871
48.2429293087
56.045188746
-0.231441801075
26.7766039673
56.045188746
34.8336845182
97.6572390782
-11.8421052632
363.25915409
229.428731797
135.306236998
8.61437842566
20.030810154
74.4034462455
111.775613298
35.1305680632
9.80957726568
97.6572390782
46.0374856873
90.0550375752
85.3036616358
280.11007515
75.2449828248
71.3255197332
20.8586088447
97.6572390782
29.8110983887
105.892957373
2.47360023381
24.2104245258
17.9380858717
128.06604509
45.1179028348
75.2449828248
62.7544332609
28.0920002923
19.9278638132
40.849729222
38.9469382748
13.6856813561
59.6296931183
-2.28352908145
65.3254554951
323.551226596
78.8214110457
19.9278638132
23.5357744239
34.7662993715
336.008615614
78.6059389261
129.833998928
21.3415153546
114.844825085
128.06604509
48.2429293087
16.8299885499
62.9043179216
34.8038329421
155.368341007
85.3036616358
7.86694761454
46.1673046007
196.485858617
29.6517446629
20.5571767457
323.551226596
124.610498953
17.3329700987
26.0234419355
41.3428968742
26.6849075592
44.7827514963
28.906895051
11.5634114912
56.045188746
74.4034462455
48.2429293087
75.2449828248
97.6572390782
111.775613298
26.6849075592
-0.459985678952
-6.31162044981
32.7613506248
90.0550375752
169.532598743
42.1374074296
56.045188746
40.1959862598
111.775613298
46.002768096
16.21188697
41.1837421987
36.6314669784
-23.0025547507
9.80957726568
196.485858617
13.4369456084
14.0212093702
449.047886328
30.2899699014
46.3908574769
14.9793707935
34.4020627131
70.5285220341
17.1126859815
12.9455375837
74.4034462455
91.8445872884
66.6237402176
-14.5112863381
-23.1140819964
45.6547215019
62.1566816758
139.101498885
40.7995641185
-18.6227833696
97.6572390782
290.112971865
64.7143658985
-1.5033624609
34.7662993715
151.259202218
35.6626287124
43.4862980675
285.046569633
23.5357744239
85.3036616358
17.3329700987
66.8999836427
136.116415124
196.485858617
-6.70199404762
59.4009992566
36.6314669784
323.551226596
7.67985411333
74.4034462455
74.4034462455
34.7662993715
7.86694761454
28.906895051
17.1126859815
62.4610355213
17.1126859815
74.4034462455
3.94735435268
97.6572390782
1247.66299372
45.0956482993
125.217613439
23.0029372443
0.300390386275
111.775613298
97.6572390782
75.2449828248
70.3941716192
-4.80424280916
74.4034462455
33.2531820147
97.6572390782
103.072505902
0.139990185592
57.6516926674
121.258103446
20.5571767457
155.591257429
31.9995913611
104.696328571
48.7864323863
97.6572390782
52.8277621739
74.4034462455
75.2449828248
78.6059389261
51.2682952129
311.785914746
1.89129347975
4.19735896803
-0.231441801075
85.3036616358
20.030810154
26.0234419355
75.2449828248
169.255561107
83.0159621095
57.7052439454
270.607323272
118.004307807
59.6296931183
9.52316329973
8.20692415538
147.071548848
4.10632159888
64.7143658985
128.06604509
85.3036616358
196.485858617
-4.0777063558
18.197525228
46.3908574769
641.214646543
85.3036616358
-0.246741794261
29.4294809067
82.9885718461
51.8127410871
48.0624810464
222.267237628
17.3329700987
24.2104245258
46.0374856873
27.9996037441
94.7166475831
64.7143658985
83.0159621095
355.431426448
1.89129347975
196.485858617
420.150629153
56.045188746
32.2240003017
36.6314669784
-0.611749907418
41.1837421987
46.3908574769
213.813046806
-13.9797374782
48.2429293087
323.551226596
38.0492671625
59.6296931183
54.4197180299
38.7871418515
33.0247442652
29.6517446629
3.08528401458
229.428731797
169.532598743
196.485858617
18.5369008304
54.4197180299
18.0582075621
97.6572390782
46.8235512731
17.3329700987
32.3111532755
111.775613298
34.7662993715
323.551226596
59.6296931183
8.50295550725
9.52811426549
20.5571767457
-1.47577891592
-10.7539776336
-11.1645453235
53.5574637082
46.0374856873
72.3754991961
128.06604509
36.6314669784
7.86694761454
62.2638729859
128.06604509
59.3136207498
64.7143658985
-0.584651283381
229.428731797
17.3329700987
97.6572390782
74.4034462455
3.08528401458
43.5608056893
56.045188746
30.7715174805
22.2763061602
-10.1307780386
10.8539535544
44.3290144138
32.8135851086
18.6844803098
74.4034462455
51.2682952129
97.6572390782
128.06604509
185.082556363
20.9315856957
317.585716362
22.7805358646
-5.09551132652
97.6572390782
47.8052714058
54.4197180299
48.2429293087
2.47360023381
48.2429293087
64.7143658985
54.4197180299
17.8743591385
23.6544823783
34.7662993715
300.656565699
-14.9968913682
97.6572390782
-9.520500616
39.5233362097
78.2149569284
59.3136207498
83.0159621095
127.719111631
-3.87819664021
-13.7452566518
51.8127410871
54.480348179
121.258103446
85.3036616358
74.4034462455
323.551226596
59.3136207498
118.004307807
83.0159621095
470.165112726
323.551226596
-0.231441801075
128.06604509
43.5608056893
83.0159621095
10.3431058421
14.9793707935
97.6572390782
394.143097696
10.782270523
155.591257429
7.67060426696
51.2682952129
19.588926999
104.634226441
28.0920002923
59.3136207498
363.25915409
74.4034462455
28.906895051
8.20651774355
64.7143658985
0.139990185592
59.3136207498
68.9594769422
147.071548848
34.7662993715
-12.1705755991
44.3290144138
196.485858617
25.363633339
-27.3345933874
49.6528372984
20.5571767457
492.971717235
229.428731797
97.6572390782
73.6840681929
7.86694761454
46.3908574769
-4.05770894943
196.485858617
-2.02371595238
59.6296931183
18.59375
56.045188746
59.3136207498
117.676854252
147.071548848
38.7871418515
46.0374856873
298.502498142
-2.26753482554
74.4034462455
-2.40609501542
52.3869415868
97.6572390782
55.9290027918
56.045188746
-11.8226279709
51.8127410871
74.4034462455
190.672410409
7.27251104922
105.892957373
-14.9187689533
4.10632159888
-18.5405381967
71.3255197332
28.0920002923
70.3941716192
42.5265117127
75.2449828248
958.87806649
46.3908574769
68.9594769422
13.0612792418
70.789333723
140.007839292
179.703640205
36.8254512442
38.7871418515
56.045188746
30.6350453968
46.3908574769
56.045188746
54.480348179
80.6649307472
94.7166475831
-0.983438818887
62.7544332609
48.2429293087
-3.57856334302
29.8110983887
105.892957373
196.485858617
61.1336188138
35.1305680632
-16.0037436551
95.0564859325
311.785914746
128.06604509
9.62547845052
48.2429293087
18.2689898413
48.2429293087
236.915748429
56.045188746
-12.3775085876
93.3464155355
54.4197180299
41.3428968742
36.6314669784
23.4108534195
13.6856813561
9.52811426549
-12.34375
3.29945508443
56.045188746
4.0341119125
-0.389811168584
544.534475255
-14.339771968
723.571829493
96.7636792702
44.830564318
94.7166475831
270.607323272
-11.6931001309
10.0725607787
23.724971418
33.2531820147
-29.6713536072
59.3136207498
-1.86508364814
64.7143658985
16.8299885499
43.0300147323
222.267237628
72.3754991961
61.1336188138
196.485858617
81.3973785435
49.6528372984
48.2429293087
34.7662993715
56.045188746
4.0341119125
97.6572390782
34.5882553337
64.7143658985
48.2429293087
139.101498885
74.4034462455
8.50295550725
-0.193378712871
80.7840601325
51.8127410871
59.6296931183
75.2449828248
48.0597994058
94.7166475831
21.3216542341
90.0353489503
48.2429293087
13.0658946173
29.6517446629
14.0330225451
172.123105076
64.7143658985
78.2149569284
-16.0037436551
34.8038329421
110.240643604
48.0624810464
74.4034462455
54.5089874781
24.2349095163
68.0709244311
-4.80424280916
34.7662993715
59.6296931183
60.0453378082
46.3908574769
55.9198862267
108.792858181
34.7662993715
394.143097696
71.0318140553
74.4034462455
169.607665884
13.0612792418
111.775613298
-2.02371595238
-8.79702106904
81.6010184713
-12.5947964824
66.8999836427
-2.53052514616
118.004307807
51.8127410871
133.6599771
88.435465403
1.42128317381
22.7805358646
196.485858617
229.428731797
48.2429293087
32.2240003017
14.9793707935
54.7456307267
61.5059064004
19.2142740305
34.7662993715
59.4009992566
361.815979155
290.112971865
169.607665884
270.607323272
74.4034462455
49.5964966917
77.4034847619
261.568120265
36.6314669784
7.86694761454
32.9099873331
64.7143658985
-4.22218412903
111.775613298
252.959355497
196.485858617
56.045188746
70.789333723
59.6296931183
28.0920002923
16.4134116396
49.6528372984
46.3908574769
147.071548848
-12.3775085876
-9.58087041063
1.89129347975
55.483467323
28.5398086854
46.3908574769
61.3757483997
35.1874826945
3.50868710486
32.2240003017
196.485858617
363.25915409
1.34792604738
0.685451706635
59.6296931183
97.6572390782
30.3699667764
323.551226596
74.4034462455
11.99300572
65.1341652948
82.5468571092
160.075314577
34.8038329421
24.9678051632
74.4034462455
48.512464107
-2.58456114245
47.9531767115
128.06604509
7.15850830769
1.33664325662
51.8127410871
29.8110983887
24.2104245258
85.939019152
196.485858617
76.4796777484
179.703640205
-9.0107569575
1.57604176129
147.071548848
90.0353489503
59.6296931183
48.2429293087
28.8566050182
56.4996991356
4.56489819777
48.2429293087
57.6516926674
59.3136207498
62.4610355213
349.220997905
139.101498885
41.1837421987
78.2149569284
105.892957373
-2.02371595238
105.892957373
24.2349095163
91.8445872884
66.7543464027
-5.07829512459
73.8919991891
29.7323600973
139.101498885
14.0037236637
46.3908574769
-11.6931001309
5.10112844494
-0.231441801075
-4.64595226509
51.2682952129
-29.7847292179
37.9881754526
1.89129347975
52.8277621739
92.5232848164
6.20908049987
4.10632159888
64.7143658985
99.879773022
48.2429293087
37.0604157865
53.4756698307
40.849729222
196.485858617
61.1336188138
20.5571767457
29.4294809067
55.9198862267
185.082556363
429.439033245
492.971717235
-4.32885840078
59.6296931183
192.074971375
52.8277621739
38.4778381538
-0.389811168584
45.1179028348
114.844825085
28.0920002923
92.5232848164
18.0582075621
48.2429293087
43.3197206067
270.607323272
17.6531184989
4.56489819777
1.99545413304
28.906895051
97.6572390782
34.7662993715
34.8336845182
56.4439601317
169.532598743
-6.56080362823
118.004307807
3.03915913121
51.8127410871
11.5634114912
71.0318140553
90.0550375752
128.06604509
6.41979541219
270.607323272
26.5106175726
54.480348179
117.005911014
97.6572390782
51.8127410871
51.8127410871
26.7167748299
9.33646725353
1.22359154294
196.485858617
4.10632159888
-14.0972948256
32.2240003017
-1.29346706278
36.6705840669
91.5556317419
290.112971865
61.5533366639
46.3908574769
45.3671076524
517.678872119
311.785914746
25.174987732
56.045188746
9.52811426549
56.045188746
29.4294809067
13.7365538031
0.977937335277
-12.34375
59.3136207498
23.398216338
75.2449828248
-8.359375
56.045188746
74.4034462455
127.719111631
103.072505902
311.785914746
1.42128317381
86.9669944516
104.634226441
8.8384271261
164.613223846
-0.459985678952
311.785914746
2.97110524463
75.9994551481
68.4578742144
36.6314669784
13.4845543786
16.8299885499
16.8299885499
244.750998392
222.267237628
130.585503717
139.101498885
147.071548848
-0.611749907418
-0.389811168584
169.532598743
76.4796777484
91.8445872884
26.7167748299
68.6229152658
1.33664325662
46.7939624884
5.10112844494
34.8038329421
-34.6554981287
61.5533366639
9.62547845052
103.072505902
147.071548848
23.5357744239
132.98373804
61.5533366639
349.220997905
11.0392620624
83.0159621095
69.3778516261
-0.246741794261
85.078101308
-6.05681856167
76.8423483585
-15.1442218919
11.9465636669
8.39322577211
97.6572390782
31.608710583
41.1837421987
61.1336188138
32.2240003017
108.624979553
54.480348179
-4.80424280916
24.2104245258
5.10112844494
92.5232848164
23.7698730897
394.143097696
30.1329019986
59.6296931183
2.97110524463
4.10632159888
103.072505902
2.47360023381
11.9654681215
74.4034462455
111.775613298
12.1801966709
105.892957373
41.3428968742
41.1837421987
37.9881754526
13.6856813561
74.4034462455
66.8999836427
128.06604509
59.6296931183
75.2449828248
143.021195588
723.571829493
12.0114573205
78.6059389261
70.789333723
64.7143658985
-13.7452566518
27.7956287144
-10.2333333333
59.6296931183
42.1374074296
35.1397021346
7.86694761454
28.0920002923
2.47360023381
48.2429293087
8.73561054217
31.2746982319
173.262933957
84.4684029735
83.0159621095
34.7662993715
323.551226596
-2.96560689444
75.2449828248
30.7798379289
112.884181714
2.83184694836
78.8214110457
323.551226596
70.789333723
24.2104245258
147.071548848
53.7236691445
2.47360023381
108.624979553
88.435465403
-7.52895975405
10.0725607787
80.5596115656
-9.89438943894
57.6516926674
4.10632159888
3.29945508443
349.220997905
9.62547845052
-4.22218412903
3.63664459161
128.06604509
59.3136207498
111.775613298
-12.4137436064
66.8999836427
169.532598743
105.892957373
36.6314669784
127.719111631
147.071548848
45.1179028348
24.9678051632
48.2429293087
-2.26753482554
252.959355497
43.9496343507
1.52671959257
13.8402158073
35.8342239397
64.7143658985
6.41979541219
84.4684029735
0.139990185592
29.6897314148
56.045188746
118.004307807
29.4294809067
52.8277621739
30.5396181322
10.782270523
290.112971865
83.0159621095
23.4119597358
21.510597794
74.4034462455
1.42128317381
22.7920716294
-2.38980325875
48.2429293087
-7.90594627792
13.8595558153
59.6296931183
83.0159621095
48.2429293087
-7.74779706676
26.5146555572
37.0604157865
52.3869415868
7.86694761454
46.3908574769
28.906895051
363.25915409
59.3763021303
46.0374856873
76.4796777484
50.1450756258
63.6480053671
349.220997905
311.785914746
3.08528401458
41.3428968742
-15.8981906008
46.7939624884
49.6528372984
52.9456719908
10.2592943963
121.525521415
9.87555313003
394.143097696
39.5233362097
128.06604509
29.3042274244
78.2149569284
111.775613298
56.045188746
119.250956901
323.551226596
29.8110983887
-6.133623921
105.892957373
270.607323272
56.045188746
8.8384271261
56.045188746
40.1959862598
64.7143658985
285.619426056
97.6572390782
-4.0777063558
17.1126859815
147.071548848
323.551226596
41.1837421987
-14.8032312629
41.6831595724
38.1916489766
51.547177011
28.897610357
48.4699657016
323.551226596
59.4009992566
378.20299777
41.3428968742
85.3036616358
97.6572390782
88.4431576954
97.6572390782
55.2630306573
41.1837421987
4.56489819777
101.882383001
49.6528372984
64.7143658985
103.072505902
517.678872119
20.5571767457
36.6314669784
336.008615614
-2.26753482554
11.5634114912
7.27251104922
150.349975464
74.4034462455
133.6599771
85.3036616358
12.6320132013
48.2429293087
63.9577603741
70.789333723
64.7143658985
111.775613298
74.4034462455
34.7662993715
65.6470834876
6.44209085714
52.8277621739
22.8459709665
196.485858617
75.2449828248
63.9577603741
7.27251104922
544.534475255
34.7662993715
28.906895051
48.2429293087
3.64373673248
72.3754991961
74.4034462455
229.428731797
164.719516623
169.532598743
-15.99609375
28.0920002923
-4.22218412903
70.789333723
128.06604509
16.8299885499
75.4172451849
59.6296931183
544.534475255
57.9304526995
-10.0027164333
573.831496858
147.071548848
196.485858617
78.8214110457
40.7995641185
34.7662993715
111.775613298
34.7662993715
-6.84218160562
128.06604509
-4.22218412903
14.2170131554
169.532598743
280.11007515
48.2429293087
-19.4093406391
49.9098297665
49.9098297665
56.045188746
208.83943606
100.32828285
126.325082914
49.6528372984
49.6528372984
48.2429293087
46.0374856873
16.7267159911
32.2240003017
19.7222698387
-5.53653395306
35.8342239397
40.1959862598
-1.54776245799
66.8999836427
74.4034462455
229.428731797
40.7995641185
394.143097696
16.946320263
54.480348179
59.3136207498
-4.60408693665
85.3036616358
38.4778381538
34.7662993715
-2.86739027431
-1.79277157466
36.6314669784
136.116415124
65.3254554951
-0.837752926209
229.428731797
147.071548848
-9.56037115339
147.071548848
429.439033245
6.40347541945
56.045188746
25.174987732
311.785914746
97.6572390782
48.2429293087
49.6528372984
-6.68123657402
84.4684029735
13.6856813561
78.8214110457
-18.1163512454
62.7912095275
-13.7452566518
83.0159621095
41.1837421987
-7.76579851327
9.19114568155
169.532598743
74.4034462455
56.045188746
5.84528953843
94.7166475831
13.0658946173
26.9106980398
70.789333723
49.5964966917
-7.70298218858
24.2311594889
252.959355497
135.306236998
64.7143658985
270.607323272
-2.13735834106
64.7143658985
111.775613298
74.4034462455
48.2429293087
28.0920002923
34.3965793651
33.0825977063
128.06604509
24.372484079
56.045188746
59.3136207498
34.7662993715
394.143097696
97.6572390782
85.3036616358
270.607323272
270.607323272
-5.75392515374
66.8999836427
79.340789037
99.1420259373
36.8254512442
-2.3821326427
7.67985411333
59.6296931183
-2.02371595238
111.775613298
53.1680838411
74.4034462455
-12.3403082143
45.3362052046
-8.22453630649
2.55547169811
35.8488238952
11.5634114912
17.1126859815
4.10632159888
492.971717235
74.4034462455
85.3036616358
56.045188746
3.55465587045
-13.9375822892
80.7840601325
336.008615614
23.2736303861
236.15176714
2.47360023381
184.274814859
33.0247442652
147.071548848
229.428731797
-11.9189734515
65.2800003771
85.3036616358
11.5898242897
3.64373673248
80.7840601325
105.892957373
9.62547845052
103.072505902
34.7662993715
92.5232848164
323.551226596
11.5634114912
9.02533073928
24.372484079
18.5943434469
16.0765186394
43.0300147323
97.6572390782
26.2398566455
64.7143658985
128.06604509
59.3136207498
36.6314669784
104.634226441
-3.82464526622
74.4034462455
196.485858617
36.8254512442
45.1179028348
74.4034462455
196.485858617
56.045188746
97.6572390782
-0.231441801075
0.558898441028
-4.71330559452
128.06604509
27.7956287144
24.372484079
42.1374074296
7.86694761454
97.6572390782
68.4578742144
33.2531820147
59.3136207498
46.3908574769
2.47360023381
72.3754991961
492.971717235
5.84528953843
56.045188746
25.174987732
196.485858617
29.8110983887
25.7344788145
59.6296931183
-9.64356993305
85.3036616358
41.1837421987
34.7662993715
14.9793707935
24.2872218616
46.3908574769
19.6340047411
37.5801815033
-5.82745982481
1.89129347975
49.3039994008
394.143097696
3.64373673248
105.892957373
2.31711322048
51.2682952129
9.02533073928
2.47360023381
20.8859890414
8.8384271261
74.4034462455
120.321578364
-3.23446285714
492.971717235
57.6516926674
97.6572390782
71.3255197332
40.1959862598
36.2576426953
95.1878099692
41.8713005593
74.4034462455
64.7143658985
270.607323272
7.27251104922
48.2429293087
42.1071016951
-13.7452566518
8.10408090231
64.7143658985
-12.4137436064
9.33646725353
196.485858617
326.321305085
39.2119416729
173.262933957
38.4778381538
92.5232848164
323.551226596
64.7143658985
30.2035466087
-0.231441801075
77.4034847619
66.8999836427
244.750998392
5.10112844494
20.5571767457
74.4034462455
74.4034462455
280.11007515
196.485858617
25.174987732
31.9995913611
85.3036616358
83.0159621095
48.2429293087
86.3156367888
19.6340047411
4.6154602716
40.4399186091
20.8586088447
72.3754991961
34.8038329421
105.892957373
135.306236998
394.143097696
97.6572390782
68.5047911777
74.4034462455
88.435465403
104.634226441
2.31711322048
111.775613298
77.4034847619
169.532598743
70.3941716192
37.1091292645
105.892957373
147.071548848
-11.1641203565
7.11759270415
-0.389811168584
-15.99609375
72.3754991961
64.7143658985
4.51279958058
270.607323272
192.781714954
79.4510071116
128.06604509
147.071548848
35.6286943841
128.06604509
0.139990185592
-12.3775085876
46.3908574769
70.789333723
394.143097696
24.372484079
36.6314669784
56.045188746
27.0990390497
13.8595558153
23.5357744239
20.030810154
147.071548848
-3.5460615613
25.7344788145
85.3036616358
61.5533366639
-8.01364596964
6.40347541945
94.7166475831
3.64373673248
-11.1641203565
97.6572390782
-5.6719929759
85.3036616358
26.6849075592
90.0751622449
17.8895433229
14.9793707935
-12.3775085876
139.101498885
31.1635803621
78.6059389261
59.6296931183
75.2449828248
-8.79702106904
6.41979541219
-1.76774596384
80.6649307472
56.045188746
151.259202218
8.8384271261
28.0920002923
66.2809303315
7.67060426696
97.6572390782
94.7166475831
18.2689898413
74.4034462455
-9.16824173427
20.8586088447
40.849729222
-12.3775085876
-0.329199663079
56.045188746
29.5546709156
68.4578742144
16.8299885499
36.6406011711
196.485858617
2.47360023381
18.5943434469
19.7222698387
28.0920002923
-14.6687136178
68.4578742144
54.2477704225
-21.2672205843
64.7143658985
-0.744295826347
118.004307807
19.9278638132
23.398216338
-3.45827439887
64.7143658985
41.1837421987
77.4034847619
-10.1307780386
517.678872119
22.7920716294
5.24850140678
74.4034462455
105.892957373
36.6314669784
34.7662993715
48.2429293087
12.4152768439
18.1539316009
74.4034462455
59.3136207498
97.6572390782
74.4034462455
34.7662993715
-4.0777063558
25.332202662
86.3156367888
108.792858181
41.1837421987
103.072505902
363.25915409
17.5698293721
19.7222698387
147.071548848
36.6314669784
58.2223400317
196.485858617
11.1575506199
-7.74779706676
74.4034462455
147.071548848
20.8469841187
3.08528401458
6.44209085714
18.4478395247
54.7456307267
-9.58087041063
26.5146555572
128.06604509
19.2328541734
208.83943606
40.7995641185
85.3036616358
7.81842918523
-24.3068681119
363.25915409
15.3613617146
80.7840601325
349.220997905
323.551226596
54.4197180299
2.99944402615
128.06604509
101.691060284
394.143097696
56.045188746
128.06604509
46.8810522426
68.6229152658
6.41979541219
70.789333723
31.9995913611
16.8299885499
97.6572390782
56.045188746
48.5126973091
-14.339771968
31.9995913611
6.60254561174
218.6272415
48.2429293087
74.4034462455
119.056228531
128.06604509
-1.88122236761
-9.15633686078
56.045188746
28.0920002923
974.224125425
18.6844803098
66.6237402176
64.7143658985
-3.11279118322
78.6059389261
105.892957373
90.4836769835
97.6572390782
103.072505902
59.3136207498
270.607323272
49.6528372984
26.9083994907
13.8402158073
3.29945508443
64.7143658985
30.7715174805
169.532598743
40.8033668172
11.3695533383
29.7134180175
-13.8421474359
51.8127410871
160.075314577
2.47360023381
36.6705840669
46.3908574769
37.7326067792
65.1341652948
30.7984669435
59.6296931183
-8.17419731402
85.3036616358
236.915748429
48.2429293087
80.7840601325
61.1336188138
-12.3775085876
85.3036616358
74.4034462455
-9.56037115339
38.7871418515
29.7134180175
16.2183792256
-22.4978889234
38.1916489766
1.52671959257
74.4034462455
-3.56071763288
224.527745972
155.591257429
2.47360023381
2.31711322048
265.093714218
64.7143658985
57.6516926674
449.047886328
323.551226596
120.353957746
38.1916489766
44.3290144138
128.06604509
270.607323272
37.2619715821
-6.84218160562
349.220997905
139.101498885
-6.37338759394
1.40110965692
40.1252567124
2.47360023381
64.7143658985
49.9098297665
54.7456307267
64.7143658985
54.480348179
18.2689898413
45.1179028348
28.994894027
85.3036616358
196.485858617
100.861683721
14.0330225451
230.65091099
41.1837421987
394.143097696
48.2429293087
336.008615614
48.2429293087
40.1550395618
33.4571042006
7.86694761454
97.6572390782
-0.482126984127
20.685340673
7.67060426696
222.267237628
75.4354193002
36.8254512442
63.9577603741
1.89129347975
2.83184694836
124.610498953
196.485858617
147.071548848
323.551226596
-16.7929647154
64.7143658985
-5.50702430817
40.849729222
111.775613298
16.8299885499
19.9278638132
70.789333723
33.5521885664
-8.359375
74.4034462455
11.3695533383
290.112971865
28.8566050182
52.8277621739
38.1916489766
15.6979248447
97.6572390782
65.1341652948
90.0550375752
323.551226596
90.0550375752
42.3868576242
111.775613298
43.7884802966
77.366325687
95.0564859325
-16.4145328273
90.0550375752
97.6572390782
84.2689564498
-5.07829512459
27.8963915256
54.4197180299
7.85790075559
56.045188746
11.5634114912
40.1959862598
68.9594769422
88.0249545575
32.2240003017
97.6572390782
111.775613298
72.3754991961
57.6516926674
23.5357744239
229.428731797
61.1336188138
83.0159621095
64.7143658985
66.8999836427
40.7995641185
215.410487891
62.9043179216
48.2429293087
99.1420259373
127.590886785
92.5232848164
128.06604509
97.6572390782
11.5634114912
75.2449828248
54.2477704225
-12.9851046113
-4.22218412903
92.5769042031
75.2449828248
55.9198862267
31.763144981
11.3695533383
85.3036616358
128.06604509
13.6856813561
449.047886328
54.9491826266
-18.5405381967
128.06604509
23.5357744239
22.7805358646
56.045188746
24.9678051632
-4.22218412903
90.0550375752
100.32828285
28.0920002923
97.6572390782
12.1801966709
29.8110983887
39.790242824
54.4197180299
13.0612792418
544.534475255
34.7662993715
126.325082914
49.6528372984
-4.26209808184
5.71667564288
270.607323272
28.0920002923
17.7857473952
605.918710994
641.214646543
18.0582075621
111.775613298
121.754355952
94.7166475831
59.3136207498
20.9569214286
88.435465403
111.775613298
28.897610357
74.4034462455
72.3754991961
169.607665884
80.6649307472
147.071548848
124.610498953
45.6547215019
33.0247442652
85.3036616358
46.6662126234
192.074971375
97.6572390782
56.045188746
34.7662993715
77.0151341665
3.64373673248
128.06604509
14.0330225451
135.306236998
74.4034462455
64.7143658985
-3.42608804676
124.610498953
33.0247442652
-4.55254980623
74.4034462455
-0.389811168584
11.6210081687
18.4478395247
-12.3775085876
-6.84218160562
64.7143658985
35.6180837375
34.7662993715
27.8963915256
-12.0002724259
229.428731797
117.005911014
71.0318140553
100.59936307
34.7662993715
41.1837421987
34.7662993715
169.532598743
429.439033245
1.57604176129
111.775613298
394.143097696
573.831496858
75.2449828248
54.480348179
80.6649307472
97.6572390782
46.3908574769
0.941191500279
-7.90594627792
42.1374074296
24.2104245258
72.7395612208
19.1266366554
40.849729222
311.785914746
75.2449828248
55.2630306573
0.139990185592
449.047886328
15.6979248447
56.045188746
56.045188746
-7.71091062832
56.045188746
128.06604509
-4.22218412903
48.2429293087
429.439033245
56.045188746
41.1837421987
78.2149569284
261.568120265
48.2429293087
323.551226596
33.9077891477
-4.22218412903
2.83184694836
35.6286943841
2.31711322048
-6.48854774369
105.892957373
40.849729222
155.591257429
104.634226441
17.33253215
11.3695533383
54.4197180299
16.8299885499
-26.9444444444
16.5591316708
64.7143658985
270.607323272
317.585716362
4.10632159888
51.8127410871
39.9332045837
64.7143658985
35.8342239397
32.8135851086
139.101498885
41.1837421987
43.4726312296
84.5044058665
2.47360023381
12.0036583363
50.6964709321
22.7920716294
57.6516926674
42.4755957925
97.6572390782
80.7840601325
111.775613298
-18.6227833696
20.8586088447
80.7840601325
38.1916489766
215.303385335
290.112971865
147.071548848
71.808806691
52.0049648849
2.31711322048
8.30735701423
31.9995913611
64.7143658985
74.6623336709
-32.796875
64.9364544233
10.2429395225
-1.4384873437
83.0159621095
290.112971865
2.31711322048
128.06604509
2.47360023381
121.258103446
28.906895051
26.1527140988
17.33253215
349.220997905
6.40347541945
51.8127410871
-13.4641504166
44.9422153011
128.06604509
28.906895051
4.75565580618
1.34792604738
-2.02371595238
41.3428968742
-0.0257558694508
74.4034462455
74.4034462455
41.1837421987
44.3290144138
29.8110983887
45.1179028348
323.551226596
-5.12628817491
16.8299885499
35.8342239397
131.629577045
7.67060426696
29.7134180175
61.7868511334
18.5943434469
36.8254512442
17.6634167464
2.47360023381
36.8254512442
492.971717235
57.8783629052
270.607323272
4.10632159888
75.2449828248
10.8863504916
-47.7575239215
128.06604509
56.045188746
11.5608035472
34.5882553337
6.40347541945
111.775613298
54.7456307267
11.7929332501
111.775613298
56.045188746
-1.56981698768
40.1959862598
65.3254554951
2.83184694836
48.7864323863
43.3197206067
26.9083994907
128.06604509
29.7134180175
9.52811426549
28.0920002923
243.951112085
58.2223400317
36.8254512442
218.6272415
51.8127410871
-19.4093406391
4.10632159888
26.9083994907
83.0159621095
168.409174819
105.892957373
56.045188746
23.5357744239
121.258103446
74.4034462455
34.8038329421
13.1812684132
57.5293024194
61.5533366639
47.9585756917
91.4758038363
164.719516623
74.4034462455
88.435465403
16.8299885499
4.26834862385
87.6492776059
48.5126973091
117.698484061
8.50295550725
46.0374856873
573.831496858
41.3428968742
37.0604157865
34.7662993715
34.7662993715
-6.68925328798
46.0374856873
14.9793707935
38.7871418515
147.071548848
18.5943434469
97.6572390782
92.5232848164
3.08528401458
90.4836769835
24.2104245258
290.112971865
80.6649307472
160.075314577
85.3036616358
75.2449828248
61.1336188138
169.532598743
68.9594769422
51.2682952129
2.31711322048
229.428731797
128.06604509
310.470733445
-12.506503989
94.7166475831
29.8110983887
-15.4254901961
1.52671959257
16.8299885499
62.1566816758
56.045188746
-5.07829512459
18.5943434469
-4.22218412903
79.4510071116
349.220997905
17.3329700987
36.6314669784
14.7781049837
-2.02371595238
74.4034462455
1.74458245243
74.4034462455
55.7124030529
36.6314669784
74.4034462455
6.40347541945
83.0159621095
131.629577045
74.4034462455
-11.1625113722
2.47360023381
131.629577045
59.6296931183
71.3255197332
229.428731797
166.105227143
7.21765868878
61.5533366639
56.045188746
62.1566816758
9.3354062454
26.0234419355
11.3833837244
83.0159621095
118.004307807
17.3329700987
34.7662993715
-0.329199663079
5.84528953843
97.6572390782
5.94891136169
86.3156367888
78.6960978146
147.071548848
36.0480339076
18.2689898413
84.2689564498
40.1959862598
56.045188746
64.7143658985
9.62547845052
155.792783051
57.6516926674
48.7233165698
53.5574637082
68.9594769422
14.0212093702
29.8110983887
97.6572390782
76.4796777484
218.6272415
-10.1934115943
97.6572390782
85.3036616358
34.7662993715
90.0550375752
2.47360023381
59.4009992566
8.39213709677
4.75565580618
93.3464155355
74.4034462455
70.789333723
-1.29346706278
72.3754991961
-22.4978889234
121.258103446
97.6572390782
128.06604509
48.2429293087
13.8595558153
64.7143658985
121.754355952
55.228198229
75.2449828248
169.532598743
74.4034462455
34.7662993715
74.4034462455
80.6649307472
50.6964709321
-9.39018151189
50.1450756258
-12.6125380424
26.023388873
51.8127410871
5.24850140678
300.656565699
-12.0002724259
46.9026384977
29.4294809067
34.7662993715
20.5571767457
19.9278638132
28.0920002923
64.7143658985
11.3833837244
32.2240003017
15.3613617146
36.6314669784
196.485858617
59.6296931183
429.439033245
34.7662993715
74.4034462455
85.3036616358
33.4571042006
18.7446276697
70.789333723
3.64373673248
-4.05770894943
52.3869415868
42.5265117127
68.4578742144
196.485858617
83.0159621095
74.4034462455
27.296397806
394.143097696
3.50868710486
492.971717235
35.1305680632
-10.5892944771
56.045188746
492.971717235
111.775613298
97.6572390782
-7.76579851327
44.7827514963
28.906895051
46.1673046007
16.21188697
155.792783051
35.8342239397
44.3290144138
244.750998392
97.6572390782
12.0278695174
59.6296931183
28.0920002923
236.915748429
119.056228531
51.8127410871
75.2449828248
0.139990185592
-0.231441801075
-12.3775085876
99.5371163978
84.4684029735
311.785914746
76.2831661972
215.303385335
147.071548848
85.3036616358
41.0916044861
-13.0994073276
13.7954433927
28.0920002923
43.5608056893
41.1837421987
56.045188746
97.6572390782
70.3941716192
121.754355952
0.139990185592
-2.06490766823
-7.11027639426
-11.6888077646
16.21188697
38.9469382748
229.428731797
53.6196158639
41.3428968742
100.861683721
69.2111993209
129.833998928
-8.359375
40.1959862598
111.775613298
36.6314669784
-4.26209808184
41.1837421987
54.910960293
28.906895051
1.52671959257
9.62547845052
-9.86434884364
36.6314669784
56.045188746
5.84528953843
27.6841705033
8.8384271261
56.045188746
-11.1625113722
26.6849075592
68.4578742144
8.50295550725
97.6572390782
363.25915409
-0.231441801075
4.10632159888
46.3908574769
13.8595558153
41.1837421987
52.3869415868
605.918710994
95.1878099692
169.532598743
4.99219521314
11.3843480802
32.2240003017
78.2149569284
161.559675858
23.0029372443
36.6314669784
218.6272415
-5.97094307838
2.31711322048
28.0920002923
128.06604509
41.3428968742
91.8445872884
323.551226596
29.4294809067
74.4034462455
2.47360023381
97.6572390782
84.4684029735
10.782270523
2.47360023381
517.678872119
33.0247442652
14.777172316
44.7883677648
54.480348179
14.2576077204
48.0624810464
64.7143658985
24.761614623
1.42128317381
56.045188746
196.485858617
5.24850140678
25.174987732
111.775613298
164.719516623
35.8342239397
111.775613298
41.1837421987
70.3941716192
394.143097696
84.4684029735
237.788810855
33.4571042006
21.4110805149
48.7233165698
23.5357744239
2.47360023381
-9.58087041063
19.9278638132
107.287473465
11.3695533383
-0.611749907418
46.0374856873
14.0212093702
74.4034462455
1.52671959257
342.516206892
2.47360023381
-9.25335949311
-6.10018051866
36.6314669784
8.8384271261
40.849729222
7.32564323827
32.2240003017
-4.22218412903
16.8299885499
229.428731797
13.0658946173
97.6572390782
24.372484079
9.62547845052
39.5233362097
40.1959862598
97.6572390782
59.9038184176
14.0330225451
42.5046545796
-6.133623921
128.06604509
-10.1307780386
270.607323272
19.9278638132
97.6572390782
19.9278638132
97.6572390782
196.485858617
97.6572390782
56.045188746
54.0956394493
6.41979541219
21.2645777078
-9.31539802317
363.25915409
13.2362668693
199.48066527
97.6572390782
56.045188746
56.045188746
97.6572390782
-12.1950748431
270.607323272
-2.57629536716
311.785914746
199.48066527
62.4610355213
111.775613298
-3.70477149881
155.792783051
196.485858617
48.2429293087
24.372484079
-1.78140730512
56.045188746
363.25915409
147.071548848
229.428731797
196.485858617
29.4294809067
56.045188746
61.5533366639
74.6009798924
124.270694869
-7.26371019564
84.4684029735
56.045188746
6.40347541945
40.3747948408
59.3763021303
37.5484566897
59.6296931183
52.5124456544
-12.6688331646
64.7143658985
85.3036616358
270.607323272
270.607323272
36.0529408429
97.6572390782
21.6979047394
147.071548848
7.27251104922
185.082556363
56.045188746
-0.389811168584
39.4198642637
2.31711322048
27.8963915256
6.40347541945
41.1837421987
18.5943434469
6.41979541219
64.7143658985
22.7228745315
169.532598743
26.6849075592
-0.611749907418
54.4197180299
31.608710583
230.65091099
-9.33550821895
-4.05770894943
180.611091829
52.0049648849
97.6572390782
33.0043442743
17.3329700987
111.775613298
131.629577045
64.7143658985
30.7715174805
29.8110983887
90.0550375752
85.3036616358
-4.98232552483
14.777172316
118.004307807
-10.8925215358
20.8586088447
2.47360023381
33.2531820147
108.792858181
46.3908574769
75.2449828248
45.1179028348
9.62547845052
97.6572390782
74.4034462455
46.3908574769
27.8963915256
-8.359375
-44.9644675092
46.0374856873
2.83184694836
1.78678920132
43.5608056893
66.8999836427
6.41979541219
128.06604509
40.1959862598
128.06604509
52.9456719908
74.4034462455
97.6572390782
24.2104245258
41.1837421987
113.160652543
26.5146555572
11.5634114912
128.06604509
64.7143658985
70.3941716192
252.959355497
3.08528401458
6.41979541219
84.4684029735
2.47360023381
196.485858617
-2.26753482554
61.1336188138
-15.8981906008
26.0234419355
23.9593461013
230.65091099
128.06604509
46.1673046007
42.1374074296
229.428731797
14.0037236637
88.4431576954
9.52811426549
41.1837421987
-4.0777063558
34.7662993715
34.7662993715
11.9654681215
394.143097696
78.8214110457
45.6989145885
19.5605260247
290.112971865
62.1566816758
-12.9795595932
12.0052083333
46.0374856873
36.8254512442
145.546481737
59.3136207498
14.0330225451
71.0318140553
-2.26753482554
-14.8032312629
97.6572390782
59.3136207498
22.8459709665
23.9593461013
33.2531820147
48.2429293087
826.518308179
83.651605372
196.485858617
77.2350404718
22.7920716294
62.9043179216
49.3240076267
66.8999836427
57.6516926674
50.1760176018
10.782270523
48.2429293087
241.578667446
-7.90594627792
111.775613298
48.2429293087
74.4034462455
40.1959862598
32.2240003017
329.68965017
9.62547845052
14.9793707935
41.1837421987
6.41979541219
74.4034462455
111.775613298
89.4353757895
13.6856813561
54.9491826266
97.6572390782
229.428731797
147.071548848
59.6296931183
64.7143658985
56.045188746
19.1553491091
-7.95141700405
530.820975782
-14.9968913682
22.7920716294
196.485858617
53.4756698307
14.9793707935
59.3136207498
64.7143658985
-2.13735834106
17.1126859815
56.045188746
4.93711546394
143.021195588
229.428731797
56.045188746
229.428731797
17.1126859815
97.6572390782
41.0916044861
25.174987732
74.4034462455
24.372484079
5.84528953843
1.22359154294
85.3036616358
114.844825085
80.7840601325
36.6314669784
85.3036616358
97.6572390782
135.306236998
68.4578742144
144.625295889
323.551226596
-2.40609501542
202.536590426
311.785914746
-20.670202341
429.439033245
59.6296931183
56.5324865546
11.1682066963
123.179648579
59.6296931183
270.607323272
56.045188746
41.1837421987
95.1878099692
117.676854252
229.428731797
160.075314577
7.86694761454
75.2449828248
56.045188746
-8.22453630649
16.8299885499
39.454264364
133.6599771
75.2449828248
21.8361492564
128.06604509
215.303385335
14.9793707935
20.8586088447
20.5588394525
121.258103446
14.9793707935
137.188686894
97.6572390782
323.551226596
8.35367882721
323.551226596
2.47360023381
64.7143658985
97.6572390782
323.551226596
38.7805855213
90.0550375752
95.0564859325
153.369815118
72.3754991961
139.101498885
48.2429293087
41.1837421987
23.5357744239
41.1837421987
104.947200468
25.7488462111
56.045188746
105.663693897
46.3908574769
14.0037236637
94.7166475831
36.6314669784
25.174987732
-0.329199663079
48.512464107
147.071548848
-12.3775085876
199.819659533
97.6572390782
196.485858617
-9.58087041063
19.9278638132
-4.32885840078
169.532598743
323.551226596
-4.96241887755
38.1916489766
70.789333723
2.47360023381
46.3908574769
64.7143658985
24.2353126157
97.6572390782
62.2638729859
65.2800003771
13.8402158073
38.5447937464
-21.6189727619
108.792858181
54.4197180299
280.967353967
64.7143658985
64.7143658985
122.428507001
363.25915409
81.3973785435
5.83928964451
62.9043179216
14.0212093702
56.045188746
26.6902326336
-8.01847264229
56.045188746
147.071548848
-10.2744964442
75.2449828248
28.0920002923
218.6272415
146.660448101
56.045188746
160.075314577
114.844825085
39.454264364
34.7662993715
-21.6189727619
147.071548848
36.6314669784
26.6849075592
7.32564323827
51.547177011
53.4756698307
270.607323272
12.0052083333
28.897610357
74.4034462455
9.52316329973
1.52671959257
-4.0777063558
93.460864399
57.8783629052
13.0658946173
40.849729222
22.8459709665
7.86694761454
85.3036616358
13.6856813561
3.64373673248
290.112971865
-6.37338759394
111.775613298
94.7166475831
394.143097696
121.829092183
49.6528372984
82.5468571092
15.6979248447
218.6272415
84.4684029735
196.485858617
0.314227577917
3.08528401458
20.8586088447
290.112971865
114.844825085
66.8999836427
56.045188746
517.678872119
280.11007515
147.071548848
12.1801966709
-9.64356993305
4.10632159888
54.7456307267
5.24850140678
9.52811426549
11.3695533383
-7.71091062832
11.5634114912
128.06604509
85.3036616358
40.849729222
61.0455048914
32.2240003017
59.3136207498
26.0234419355
-12.3775085876
52.0049648849
15.2353362095
0.8046875
6.41979541219
39.5503102956
46.3908574769
-9.89438943894
74.4034462455
-6.48854774369
75.2449828248
60.7010333405
41.3323682716
83.0159621095
46.7939624884
48.2429293087
13.8595558153
25.7138965344
34.7662993715
113.160652543
19.7222698387
219.210426258
29.4294809067
169.532598743
136.116415124
-15.6312717037
70.0062172636
270.607323272
64.7143658985
109.025599161
28.0920002923
26.0234419355
29.4294809067
12.8497572285
20.5571767457
85.3036616358
-6.99746670807
17.0027939641
66.3157669643
46.0374856873
208.83943606
-10.961502393
80.7840601325
8.72483058877
27.8963915256
92.5769042031
108.792858181
-19.2606593193
4.10632159888
80.7840601325
33.0247442652
196.485858617
28.5398086854
28.0920002923
46.3908574769
6.46238099379
394.143097696
100.32828285
196.485858617
6.41979541219
9.62547845052
103.072505902
6.41979541219
78.2149569284
160.075314577
492.971717235
10.8771779762
229.428731797
135.306236998
49.9888503045
680.22594373
8.20692415538
323.551226596
290.112971865
48.2429293087
4.0341119125
34.7662993715
33.6704722644
38.7871418515
394.143097696
6.41979541219
-9.43456643481
190.672410409
40.7995641185
131.629577045
169.607665884
48.2429293087
45.6547215019
29.4294809067
169.532598743
61.5533366639
64.7143658985
4.6218286623
-2.11763248458
139.974682852
311.785914746
86.3156367888
17.1126859815
84.4684029735
323.551226596
363.25915409
196.485858617
21.9338079206
86.3156367888
13.8595558153
17.3329700987
24.2104245258
-24.8571428571
-9.58087041063
56.045188746
3.55465587045
19.9278638132
26.005859375
16.8299885499
641.214646543
59.3136207498
132.50633323
131.629577045
40.7995641185
-3.82464526622
24.372484079
33.0825977063
45.0956482993
48.2429293087
-9.43456643481
68.4578742144
15.6979248447
45.0956482993
64.7143658985
121.258103446
157.713210036
111.775613298
-8.359375
-6.84218160562
8.50295550725
90.4836769835
1.52671959257
5.88780664905
16.8299885499
63.9577603741
88.435465403
56.045188746
20.5571767457
66.8999836427
94.7166475831
34.7662993715
65.3254554951
90.0550375752
0.0912458836444
29.8110983887
48.512464107
97.6572390782
56.045188746
59.6296931183
36.0480339076
10.1866669181
68.6229152658
16.8299885499
64.0638404282
95.0564859325
2.31711322048
64.7143658985
11.3833837244
49.5425059263
97.6572390782
75.2449828248
23.7577151286
-4.05770894943
45.0956482993
64.7143658985
56.045188746
56.045188746
56.045188746
78.2149569284
33.4571042006
18.0582075621
-0.231441801075
11.5898242897
12.0036583363
363.25915409
55.228198229
-22.4978889234
-21.2672205843
22.7805358646
85.3036616358
59.3136207498
70.1407600241
-12.3775085876
111.775613298
57.6516926674
-2.64167620845
111.775613298
35.6180837375
97.6572390782
14.9793707935
196.485858617
229.428731797
-5.75392515374
74.4034462455
139.101498885
223.011812801
54.480348179
63.7803577802
32.8238499466
9.56532545663
-25.1066666667
82.6015306559
74.4034462455
123.179648579
2.48244609637
9.62547845052
101.143730405
39.454264364
40.849729222
2.47360023381
289.433295166
61.1336188138
78.8214110457
97.6572390782
97.6572390782
37.0604157865
108.212643198
19.1916789436
33.0043442743
83.0159621095
105.892957373
24.2353126157
48.2429293087
11.2142535005
75.2449828248
54.7456307267
42.7712664443
83.0159621095
323.551226596
64.7143658985
18.6521310943
62.9043179216
36.2576426953
48.2429293087
300.656565699
11.0443183456
135.306236998
99.5371163978
56.045188746
-12.3333333333
34.7662993715
19.7222698387
-2.02371595238
26.2398566455
115.733895229
59.6052131292
236.915748429
85.3036616358
56.045188746
-9.39018151189
74.4034462455
66.8999836427
-3.57433903568
5.94891136169
229.428731797
19.7222698387
48.2429293087
164.719516623
13.8595558153
74.4034462455
147.071548848
-5.77842115229
-2.64561134959
24.2104245258
-15.99609375
51.2682952129
64.7143658985
-4.22218412903
97.6572390782
128.06604509
40.4399186091
8.8384271261
37.1091292645
45.0956482993
7.86694761454
61.1336188138
-10.5892944771
36.6314669784
19.1553491091
85.3036616358
9.33646725353
46.0374856873
8.8384271261
-0.0601134889921
-9.58087041063
91.8445872884
-12.9099697354
38.1916489766
10.7382533774
22.7920716294
56.045188746
9.37589361881
85.3036616358
73.6840681929
74.4034462455
33.4571042006
78.8214110457
128.06604509
41.1837421987
74.4034462455
30.9566776151
85.3036616358
33.0247442652
229.428731797
74.4034462455
18.5943434469
196.485858617
56.8708246653
128.06604509
20.9569214286
-9.58087041063
104.634226441
56.5324865546
17.1126859815
2.16429623735
-0.231441801075
-24.502688172
8.8384271261
44.7827514963
270.607323272
16.8299885499
2.47360023381
32.2240003017
31.3764105562
128.06604509
46.7939624884
23.4621689564
-26.4569479966
95.0564859325
7.81842918523
26.7167748299
75.2449828248
-12.506503989
46.3908574769
3.35273980442
51.2682952129
35.1874826945
2.836132668
57.6516926674
39.454264364
13.8595558153
23.5357744239
43.4726312296
147.071548848
64.7143658985
27.296397806
108.792858181
7.86694761454
56.045188746
64.7143658985
43.4726312296
56.045188746
83.0159621095
74.4034462455
-7.7526298487
-0.231441801075
67.98950858
33.2531820147
-9.39018151189
13.4811772438
119.056228531
111.775613298
46.0374856873
57.6516926674
80.7840601325
363.25915409
5.59967308887
65.1341652948
68.4578742144
34.2356636389
34.8038329421
18.2689898413
41.1837421987
43.3197206067
128.06604509
229.428731797
76.2831661972
2.97110524463
11.0468607848
378.20299777
-27.9966517857
22.7920716294
85.3036616358
54.4197180299
270.607323272
-0.872558895836
29.4294809067
139.101498885
29.8110983887
125.699514457
26.6849075592
242.063628111
1.48656983936
36.6314669784
-13.2905820165
169.532598743
3.20493863915
51.8127410871
-2.02371595238
169.532598743
14.0330225451
192.074971375
9.52316329973
141.114353491
56.045188746
9.80957726568
4.10632159888
41.3428968742
70.5285220341
169.532598743
-6.68925328798
28.0920002923
44.3290144138
19.9278638132
10.1769788732
97.6572390782
61.1336188138
14.0212093702
48.2429293087
97.6572390782
143.021195588
68.6229152658
38.4778381538
46.3908574769
50.8566758412
-0.983438818887
35.1874826945
0.571117227498
-8.91235534772
28.906895051
70.789333723
-4.45774752865
70.789333723
18.5943434469
4.10632159888
-10.1307780386
56.045188746
169.532598743
517.678872119
16.7267159911
8.8384271261
3.6652441152
18.5943434469
-24.3287733698
13.8595558153
-2.40609501542
4.56489819777
-1.29346706278
48.2429293087
56.045188746
133.6599771
544.534475255
7.27251104922
75.2449828248
32.2240003017
20.9569214286
363.25915409
290.112971865
97.6572390782
-12.3775085876
56.045188746
74.4034462455
605.918710994
86.3156367888
37.0604157865
41.3428968742
131.629577045
-11.6931001309
270.607323272
90.0550375752
75.2449828248
2.31711322048
48.2429293087
36.8254512442
128.06604509
48.0597994058
84.1881074442
118.004307807
57.6516926674
60.7752136007
91.2968416395
85.3036616358
59.3136207498
12.2444367316
196.485858617
57.7052439454
47.4455445545
57.6516926674
40.1959862598
155.591257429
129.833998928
-14.1340340573
336.008615614
-23.426892058
429.439033245
97.6572390782
207.447338289
46.3908574769
36.6314669784
349.220997905
2.53990026763
10.1769788732
311.785914746
16.21188697
8.50295550725
-15.6275466562
74.4034462455
43.5608056893
97.6572390782
-11.1641203565
70.789333723
97.6572390782
56.045188746
1.70489830298
39.5233362097
229.428731797
48.2429293087
43.9251740861
48.2429293087
136.116415124
323.551226596
-4.0777063558
219.259386237
169.532598743
111.775613298
10.782270523
48.2429293087
-19.236772913
12.6088067193
61.1336188138
6.58032627134
71.3255197332
39.867116674
114.844825085
-8.2794376275
64.7143658985
26.0234419355
111.775613298
-19.4093406391
72.3754991961
37.5764956996
12.0052083333
6.41979541219
56.045188746
-5.07829512459
323.551226596
45.3362052046
61.5533366639
248.63566091
51.8127410871
323.551226596
64.7143658985
174.063696126
35.1305680632
-12.3775085876
36.6314669784
97.6572390782
-7.71091062832
81.3973785435
70.3941716192
5.84528953843
-5.27298225687
222.267237628
75.2449828248
128.06604509
22.5322477841
74.4041702622
311.785914746
31.9995913611
59.6296931183
92.5232848164
28.0920002923
36.6314669784
9.52811426549
4.10632159888
10.8539535544
75.2449828248
-9.48840466928
270.607323272
19.9278638132
64.5492796477
92.5232848164
230.65091099
6.65001534398
40.849729222
73.5098839849
17.3329700987
29.8110983887
74.4034462455
97.6572390782
121.258103446
40.849729222
27.8963915256
169.532598743
23.5357744239
336.008615614
-2.74186072177
66.2986977778
219.259386237
32.2240003017
74.4034462455
6.6820274183
-24.845983285
97.6572390782
0.571117227498
-2.53052514616
59.4009992566
9.77876426133
5.10112844494
75.2449828248
32.2240003017
261.568120265
35.1305680632
75.2449828248
45.3362052046
23.5357744239
97.6572390782
27.821409559
13.0612792418
76.4796777484
32.8135851086
18.2260837994
15.5630971946
-4.67349699955
97.6572390782
6.15622416691
103.072505902
74.4034462455
5.10112844494
49.6528372984
22.5148176105
29.4294809067
6.41979541219
83.0159621095
229.428731797
46.6662126234
46.3908574769
323.551226596
41.8713005593
220.872141361
32.2898009268
34.7662993715
229.428731797
118.004307807
-10.4188360523
13.6856813561
280.11007515
196.485858617
84.1881074442
59.3136207498
123.594161853
26.2398566455
14.6507029656
119.619154531
59.6296931183
24.2353126157
117.676854252
3.50868710486
196.485858617
13.6856813561
85.3036616358
-6.98444252683
121.258103446
62.4610355213
28.906895051
51.8127410871
51.2100079038
41.1837421987
18.2260837994
59.6296931183
51.8127410871
196.485858617
19.9278638132
323.551226596
19.9278638132
64.7143658985
7.21765868878
97.6572390782
229.428731797
41.8713005593
25.174987732
86.3156367888
8.45583076506
111.775613298
83.0159621095
54.7123413621
40.849729222
-3.83011814421
7.86694761454
270.607323272
13.6856813561
73.3835430511
9.52811426549
56.5324865546
12.0052083333
17.1126859815
77.4034847619
139.101498885
196.485858617
74.4034462455
57.6516926674
-2.52201894478
59.3136207498
40.7995641185
9.52811426549
75.2449828248
9.52811426549
196.485858617
49.6528372984
8.08145762727
25.629601109
78.2149569284
59.3136207498
55.2630306573
-6.133623921
18.0582075621
7.30049481567
-0.611749907418
54.7456307267
44.8125884017
0.977937335277
6.60254561174
229.428731797
4.28509896801
128.06604509
-7.03049042401
105.892957373
41.8713005593
15.1597074805
215.410487891
9.56532545663
62.1900990099
34.7662993715
33.0247442652
64.7143658985
6.60254561174
73.5105359981
65.3254554951
16.0765186394
28.0920002923
59.6296931183
32.2240003017
43.4862980675
17.0027939641
48.2429293087
229.428731797
72.3754991961
76.2572626911
41.1837421987
48.7864323863
47.8052714058
-7.74779706676
-5.37066362745
48.2429293087
23.398216338
38.5447937464
59.6296931183
6.41979541219
13.0658946173
46.3908574769
25.195717893
-4.43994915282
36.6314669784
-1.29346706278
36.2576426953
99.1420259373
285.046569633
50.76136688
-11.9781025221
64.7143658985
99.1420259373
46.3908574769
-4.02959875304
41.0916044861
22.7732408686
59.4009992566
5.59967308887
151.259202218
94.7166475831
27.6841705033
-0.554405270092
9.62547845052
50.76136688
9.52316329973
20.030810154
19.7222698387
7.62193184318
78.2149569284
52.0601297959
229.428731797
54.4197180299
-3.87819664021
67.5061348121
311.785914746
28.0920002923
46.3908574769
196.485858617
105.892957373
97.6572390782
14.2576077204
41.3428968742
2.31711322048
270.607323272
-10.0804236128
-10.0027164333
169.532598743
9.31863912958
12.0052083333
111.775613298
46.3908574769
-11.3168371565
47.4455445545
23.398216338
56.045188746
605.918710994
64.7143658985
32.8135851086
41.1837421987
111.775613298
0.8046875
-28.7445206926
147.071548848
34.8038329421
17.3329700987
9.62547845052
88.4431576954
49.6528372984
68.4578742144
86.3156367888
270.607323272
56.045188746
147.071548848
6.41979541219
77.366325687
-4.98232552483
92.5769042031
-11.1641203565
-10.7281405682
57.6516926674
32.2240003017
14.0330225451
-2.99432057528
17.4588410185
52.3869415868
85.3036616358
121.754355952
185.082556363
169.532598743
63.9577603741
64.7143658985
3.08528401458
74.4034462455
336.008615614
26.9106980398
64.0638404282
723.571829493
43.9251740861
56.045188746
64.7143658985
4.93711546394
-15.0797182226
90.0550375752
85.3036616358
169.532598743
4.51279958058
23.5357744239
-4.26209808184
-4.98232552483
290.112971865
34.3585617457
1.57604176129
56.045188746
91.8445872884
77.6749772557
199.819659533
37.1091292645
35.1305680632
155.591257429
76.6786210928
65.1341652948
6.60254561174
1.42128317381
106.170568029
-1.78140730512
85.3036616358
-15.4254901961
59.6296931183
160.12825395
28.7800891328
61.5533366639
23.6544823783
74.4034462455
196.485858617
2.47360023381
23.5357744239
54.4197180299
-0.983438818887
97.6572390782
290.112971865
-5.7822672985
6.20908049987
57.6516926674
270.607323272
32.8135851086
34.7662993715
128.06604509
40.849729222
111.775613298
270.607323272
122.586980944
-2.26753482554
61.5533366639
323.551226596
300.656565699
53.4756698307
20.5571767457
70.789333723
97.6572390782
208.83943606
-6.56080362823
59.3136207498
9.56532545663
56.5324865546
70.789333723
19.9278638132
20.5571767457
147.071548848
29.5881830461
19.9278638132
43.0300147323
-3.2695678005
66.5701145582
723.571829493
18.4087721789
169.532598743
15.6979248447
-6.99746670807
124.610498953
74.4034462455
59.870489407
135.306236998
18.5943434469
28.906895051
52.0601297959
323.551226596
75.2449828248
323.551226596
17.1126859815
-4.05770894943
16.8299885499
97.6572390782
64.7143658985
270.607323272
363.25915409
36.6314669784
56.045188746
517.678872119
62.4610355213
21.510597794
166.008688549
25.174987732
7.86694761454
1.57604176129
88.4431576954
229.428731797
59.3136207498
40.1959862598
92.5769042031
174.523943164
6.40347541945
40.1959862598
42.5265117127
-7.74779706676
111.775613298
3.08528401458
124.610498953
29.7134180175
54.2477704225
17.3329700987
80.7840601325
45.1179028348
59.6296931183
24.9678051632
64.7143658985
94.3320063734
15.6979248447
23.5357744239
59.6296931183
64.7143658985
169.532598743
83.0159621095
2.47360023381
13.0658946173
97.6572390782
17.33253215
5.10112844494
-8.79702106904
169.532598743
128.06604509
42.4755957925
-18.353096627
70.3941716192
573.831496858
16.8299885499
50.76136688
19.7222698387
36.9101428319
74.4034462455
34.7662993715
34.7662993715
-8.51769644889
75.2449828248
363.25915409
108.792858181
75.2449828248
62.4610355213
9.83694480616
79.7384439229
78.6059389261
104.947200468
196.485858617
34.7662993715
97.6572390782
35.7266228262
105.892957373
56.045188746
85.3036616358
3.29945508443
75.2449828248
22.7903175452
97.6572390782
230.560000754
36.8254512442
59.4009992566
139.101498885
93.1004352237
77.366325687
17.1126859815
32.3597583113
394.143097696
63.9577603741
18.2689898413
84.4684029735
40.1959862598
23.8769761743
16.21188697
7.27251104922
25.174987732
97.6572390782
46.3908574769
87.6492776059
225.313016615
111.775613298
90.0550375752
8.84924203055
85.3036616358
70.1407600241
24.2104245258
46.3908574769
23.398216338
26.0234419355
20.5588394525
143.021195588
38.1916489766
36.6314669784
24.7106977487
34.7662993715
290.112971865
34.8038329421
90.0550375752
17.3329700987
107.287473465
-14.3372401334
118.004307807
53.4756698307
59.6296931183
-22.8651975067
323.551226596
262.830806769
61.3757483997
29.8110983887
20.030810154
9.02533073928
48.2429293087
13.8595558153
169.532598743
128.06604509
59.6052131292
74.4034462455
147.071548848
97.6572390782
36.8254512442
236.915748429
-16.7195581466
8.8384271261
82.9885718461
97.6572390782
38.7871418515
66.8999836427
56.045188746
34.2356636389
41.1837421987
54.480348179
-4.9965256468
61.5533366639
74.4034462455
36.6314669784
74.4034462455
39.8518201025
128.06604509
429.439033245
119.250956901
160.075314577
49.9098297665
49.6528372984
34.7662993715
64.7143658985
85.3036616358
1.89129347975
190.672410409
-4.55254980623
8.8384271261
46.3908574769
270.607323272
111.775613298
33.5521885664
74.4034462455
130.87549853
45.1179028348
52.0601297959
56.045188746
34.6879435689
64.7143658985
1.42128317381
65.1341652948
51.2682952129
70.1407600241
59.3136207498
66.5650891109
24.2104245258
121.258103446
39.451004434
85.3036616358
4.0341119125
48.2429293087
261.568120265
59.3136207498
75.2449828248
46.0374856873
64.7143658985
28.906895051
15.826201197
94.3320063734
74.4034462455
97.6572390782
-6.10018051866
56.045188746
41.1837421987
22.7805358646
56.045188746
14.9793707935
270.607323272
147.071548848
18.5369008304
11.3695533383
46.0374856873
196.485858617
49.5964966917
128.06604509
-18.6043340381
-2.11763248458
111.775613298
-12.3333333333
59.3136207498
32.8135851086
85.3036616358
3.94659081783
20.5588394525
6.41979541219
9.52811426549
20.030810154
5.59967308887
28.0920002923
38.1916489766
71.0318140553
91.8445872884
160.075314577
7.21765868878
43.3799638787
-0.231441801075
123.179648579
78.2149569284
268.5379129
8.35367882721
-1.71804170444
72.3754991961
121.754355952
25.174987732
3.03915913121
19.6340047411
59.3136207498
59.6296931183
229.428731797
97.6572390782
28.906895051
196.485858617
-7.95141700405
5.10112844494
111.775613298
34.8038329421
46.0374856873
51.8127410871
24.2459855154
2.94952380952
229.428731797
19.7222698387
61.1336188138
97.6572390782
52.3869415868
34.7662993715
-17.8321950506
270.607323272
-12.3775085876
122.76869616
32.3111532755
147.071548848
97.6572390782
139.101498885
57.7052439454
48.2429293087
25.7344788145
18.0582075621
34.7662993715
18.4478395247
28.0920002923
55.9198862267
74.4034462455
19.7222698387
42.1374074296
54.480348179
147.071548848
125.980075166
11.3833837244
76.0621615275
4.65915615028
128.06604509
38.8327754074
16.8299885499
136.116415124
13.0612792418
164.719516623
9.52811426549
70.789333723
-0.389811168584
7.11759270415
64.7143658985
17.7857473952
15.6979248447
51.2682952129
74.4034462455
59.6296931183
138.023745772
196.485858617
128.06604509
196.485858617
71.0318140553
51.8127410871
-12.5947964824
84.4684029735
47.5054022972
59.6296931183
131.629577045
196.485858617
105.892957373
51.2682952129
69.98206702
46.7939624884
46.3908574769
33.2531820147
13.0612792418
-0.389811168584
-11.8226279709
63.6976544915
7.86694761454
156.184000585
97.6572390782
270.607323272
66.8999836427
2.31711322048
7.64448077753
46.3908574769
46.7751775333
36.8254512442
128.06604509
38.4072483685
36.8254512442
222.267237628
196.485858617
10.6204838359
323.551226596
80.7840601325
57.6516926674
11.0448495544
42.3244447692
75.2449828248
74.4034462455
59.6296931183
64.7143658985
41.3428968742
2.31711322048
-12.9099697354
19.9278638132
-19.4093406391
394.143097696
18.2260837994
4.10632159888
97.6572390782
122.063805193
121.754355952
39.451004434
51.8127410871
53.8065294316
54.4197180299
11.8899718119
46.3908574769
97.6572390782
64.7143658985
-12.3333333333
215.303385335
196.485858617
363.25915409
-10.1307780386
85.3036616358
46.1673046007
29.4294809067
244.750998392
-6.32008937905
54.4197180299
45.0381708465
27.0990390497
26.2398566455
121.588833047
63.6480053671
8.8384271261
15.8723321867
52.8277621739
772.017231227
13.7248222957
36.2576426953
-4.0777063558
83.0159621095
70.1407600241
55.2936368954
-8.17419731402
196.485858617
21.9923812307
196.485858617
64.7143658985
46.8235512731
11.6210081687
95.1878099692
56.045188746
55.4656050987
2.47360023381
196.485858617
62.6565083076
18.1539316009
78.2149569284
192.074971375
23.5357744239
-6.56080362823
11.5634114912
40.849729222
6.07269211164
94.7166475831
378.20299777
14.0330225451
196.485858617
35.1874826945
114.844825085
56.045188746
124.610498953
128.06604509
84.1881074442
169.532598743
323.551226596
-9.39018151189
147.071548848
105.892957373
7.21765868878
56.045188746
58.6383725497
8.50295550725
43.5608056893
151.259202218
2.47360023381
185.082556363
19.9278638132
4.10632159888
147.071548848
46.0374856873
52.8277621739
28.906895051
192.781714954
59.3136207498
8.8384271261
54.4971819887
76.4796777484
34.7662993715
-4.26209808184
34.7662993715
111.775613298
111.775613298
56.045188746
119.056228531
32.3111532755
-4.41338141696
40.1959862598
36.6314669784
34.1284960196
-8.54772873496
106.170568029
23.398216338
51.2682952129
169.532598743
65.6470834876
-3.70094347589
16.8299885499
23.5357744239
3.29945508443
34.7662993715
87.6492776059
311.785914746
-3.9968642832
34.1220278396
363.25915409
27.8963915256
323.551226596
97.6572390782
394.143097696
31.1884330165
34.7662993715
46.3908574769
196.485858617
46.3908574769
8.50295550725
62.6565083076
34.5194043132
11.5634114912
105.892957373
17.33253215
-7.90594627792
105.892957373
26.6849075592
28.0920002923
0.472852540311
-8.91235534772
34.8038329421
-8.79702106904
184.648889538
48.2429293087
85.3036616358
252.959355497
72.3754991961
7.86694761454
104.634226441
48.2429293087
90.0550375752
11.5608035472
270.607323272
49.031662244
45.1179028348
20.030810154
130.907989577
66.8999836427
66.8999836427
15.3952404742
2.47360023381
64.7143658985
2.47360023381
147.071548848
363.25915409
19.7222698387
1.42128317381
40.1959862598
12.6088067193
14.777172316
38.5447937464
52.0601297959
224.527745972
97.6572390782
11.3695533383
363.25915409
38.7871418515
15.7296799701
169.532598743
190.672410409
56.045188746
82.5468571092
42.3244447692
85.3036616358
84.2689564498
-4.22218412903
-4.0777063558
16.21188697
85.3036616358
270.607323272
290.112971865
64.7143658985
18.5943434469
196.485858617
-0.0827885714286
49.6528372984
87.6492776059
229.428731797
90.0550375752
1.72152078804
229.428731797
119.056228531
35.8481503478
7.32564323827
56.045188746
104.634226441
-2.26753482554
4.87396519509
-4.22218412903
68.913210079
22.8671932722
2.47360023381
74.4034462455
40.1959862598
1.57604176129
1.72152078804
-4.80424280916
66.8999836427
13.6856813561
46.3908574769
14.0330225451
75.2449828248
95.0564859325
14.2576077204
85.3036616358
17.3329700987
48.2429293087
1.89129347975
34.7662993715
29.8110983887
46.3908574769
46.8984905996
147.071548848
283.689174577
11.5634114912
14.2170131554
225.313016615
46.3908574769
111.775613298
56.045188746
111.775613298
160.075314577
33.0825977063
13.8595558153
40.7995641185
155.591257429
87.6492776059
104.634226441
85.3036616358
74.4034462455
24.2063915402
35.1305680632
77.366325687
41.0916044861
71.0318140553
139.101498885
5.84528953843
86.9669944516
46.3908574769
18.5943434469
20.8586088447
61.5533366639
17.1126859815
-7.87684864755
26.2398566455
34.7662993715
106.170568029
196.485858617
2.31711322048
155.591257429
30.6331437468
27.8963915256
394.143097696
323.551226596
19.7222698387
74.4034462455
-11.0431559265
16.8299885499
-7.76579851327
41.1837421987
27.8963915256
10.782270523
46.4268010359
76.4796777484
218.6272415
241.057044068
237.009582355
102.695852095
18.5943434469
573.831496858
41.1837421987
169.532598743
290.112971865
-4.22218412903
169.532598743
20.5571767457
59.4009992566
-20.827245214
56.045188746
6.41979541219
46.002768096
19.7222698387
56.045188746
105.892957373
90.0550375752
229.428731797
83.0159621095
46.3908574769
9.37589361881
-9.64356993305
-17.8321950506
65.1341652948
97.6572390782
13.8595558153
64.7143658985
26.6849075592
218.6272415
-9.58087041063
169.532598743
34.7662993715
39.5233362097
25.629601109
90.0550375752
118.004307807
64.7143658985
-16.7683609326
12.4966044584
18.4478395247
111.138533524
46.0374856873
429.439033245
20.685340673
141.114353491
244.750998392
336.008615614
78.6059389261
108.792858181
38.1916489766
64.7143658985
270.607323272
2.31711322048
17.7857473952
290.112971865
160.075314577
13.6856813561
224.527745972
46.0374856873
61.3757483997
-4.0777063558
56.045188746
75.2449828248
87.7708389755
11.3695533383
75.2449828248
58.5725428327
323.551226596
317.585716362
38.1916489766
6.44209085714
80.7840601325
133.453431982
74.4034462455
48.2429293087
111.775613298
29.8110983887
128.06604509
244.750998392
349.220997905
-4.96241887755
67.98950858
21.2645777078
28.0920002923
20.9315856957
9.52811426549
7.27251104922
54.480348179
19.9278638132
-26.3047161209
-10.1307780386
147.071548848
66.5650891109
64.7143658985
95.0564859325
1.57604176129
48.2429293087
90.0550375752
169.532598743
57.6516926674
-9.58087041063
78.2149569284
95.8414029901
223.011812801
36.2576426953
46.3908574769
56.045188746
4.10632159888
196.485858617
48.0597994058
196.485858617
58.202841459
323.551226596
35.7266228262
49.6528372984
-0.231441801075
40.1959862598
1.48656983936
74.4034462455
85.3036616358
64.7143658985
118.004307807
41.3428968742
-3.95226064561
-0.246741794261
74.4034462455
63.9577603741
92.5232848164
125.699514457
1.48656983936
34.4043900035
51.2682952129
80.7840601325
128.06604509
31.9995913611
-19.753976249
85.3036616358
70.789333723
48.0597994058
34.7662993715
25.174987732
8.50295550725
2.83184694836
169.532598743
34.7662993715
311.785914746
280.967353967
64.7143658985
111.775613298
-2.64167620845
31.9995913611
641.214646543
5.10112844494
36.2576426953
-4.26209808184
95.0564859325
19.7222698387
75.2449828248
323.551226596
6.40330395698
20.030810154
37.3015728714
53.8151489528
95.1878099692
141.831858579
29.8074278746
-3.57859623283
128.06604509
35.2794009477
51.8127410871
13.0612792418
70.789333723
13.3374781758
378.20299777
74.4034462455
17.1126859815
64.0638404282
-0.0601134889921
-9.43456643481
124.610498953
202.536590426
70.789333723
25.2760344712
77.366325687
349.220997905
81.467965203
3.29945508443
97.6572390782
35.1305680632
208.83943606
2.47360023381
56.045188746
16.8299885499
63.9577603741
74.4034462455
-11.3168371565
23.2306564691
68.0709244311
74.4034462455
22.7805358646
64.7143658985
28.0920002923
61.3757483997
40.3747948408
85.3036616358
56.045188746
169.532598743
236.915748429
40.849729222
128.06604509
-9.58087041063
46.3908574769
280.11007515
270.607323272
118.004307807
34.8038329421
88.435465403
185.082556363
36.6314669784
300.656565699
40.7995641185
97.6572390782
77.0151341665
24.2353126157
14.0330225451
74.4034462455
46.3908574769
-0.744295826347
147.071548848
3.64373673248
363.25915409
74.4034462455
17.4588410185
59.870489407
-8.14509068168
317.585716362
66.8999836427
13.8595558153
196.485858617
20.5571767457
28.906895051
56.045188746
76.4796777484
3.08528401458
128.06604509
85.3036616358
97.6572390782
196.485858617
74.4034462455
14.5392044606
48.2429293087
28.0920002923
94.7166475831
-9.90686524357
229.428731797
59.6296931183
97.6572390782
29.8110983887
363.25915409
46.3908574769
59.6052131292
-0.983438818887
16.21188697
106.170568029
279.531852718
9.52811426549
54.480348179
12.0036583363
30.7715174805
41.3428968742
19.5507494425
40.1959862598
75.2449828248
36.6314669784
25.174987732
342.516206892
83.0159621095
56.045188746
28.906895051
-17.2138985822
63.9577603741
65.1341652948
215.410487891
22.5322477841
10.0725607787
-0.459985678952
35.1305680632
106.170568029
25.629601109
363.25915409
33.0825977063
20.8469841187
16.0765186394
25.174987732
125.699514457
169.532598743
56.045188746
12.6320132013
77.366325687
18.4478395247
20.030810154
55.483467323
323.551226596
74.4034462455
196.485858617
4.0341119125
48.2429293087
352.827167826
122.76869616
179.046672419
57.6516926674
46.1673046007
-4.32885840078
100.32828285
36.0529408429
131.629577045
64.7143658985
80.7840601325
74.4034462455
3.50868710486
85.3036616358
196.485858617
17.1126859815
196.485858617
54.0956394493
119.056228531
62.2638729859
0.185999865029
75.2449828248
147.071548848
254.806969524
30.1252066461
13.5396978322
6.40347541945
119.056228531
8.8384271261
28.0920002923
48.2429293087
219.259386237
3.64373673248
54.480348179
75.2449828248
8.8384271261
229.428731797
151.259202218
74.4034462455
78.2149569284
97.6572390782
27.8963915256
-2.02371595238
52.5124456544
3.08528401458
270.607323272
2.06626707507
63.9577603741
65.3254554951
45.1179028348
-5.27298225687
19.9278638132
81.6010184713
33.4571042006
33.0526135714
46.1673046007
290.112971865
11.5634114912
147.071548848
8.8384271261
43.3197206067
16.8299885499
63.9577603741
39.5233362097
33.2531820147
32.2240003017
517.678872119
34.8038329421
26.1162213947
153.369815118
57.6516926674
270.607323272
-18.4218100502
54.9491826266
-3.57856334302
48.2429293087
311.785914746
-2.64167620845
723.571829493
75.2449828248
59.6296931183
27.8963915256
70.3941716192
27.8963915256
56.045188746
19.9278638132
-13.8421474359
139.101498885
30.7715174805
111.775613298
56.045188746
74.4034462455
1.42128317381
-16.5361880713
19.7222698387
69.3778516261
80.7840601325
57.6516926674
43.9251740861
74.4034462455
-21.1806231327
51.8127410871
91.8445872884
80.6649307472
51.8127410871
36.8254512442
192.074971375
67.3847364346
147.071548848
59.6296931183
48.2429293087
82.9885718461
32.7613506248
111.775613298
-17.1114248317
14.0212093702
34.7662993715
62.1566816758
2.31711322048
63.9577603741
40.1959862598
46.3908574769
97.6572390782
36.9101428319
11.99300572
22.5489390383
-6.22847147621
19.7222698387
31.9995913611
10.782270523
311.785914746
-2.40609501542
135.306236998
85.3036616358
32.2240003017
63.2719891816
19.9996285101
13.3374781758
13.6856813561
2.31711322048
111.775613298
128.06604509
48.2429293087
-4.12105873669
64.7143658985
61.5059064004
196.485858617
34.7662993715
51.8127410871
94.3320063734
56.045188746
-2.11763248458
0.139990185592
192.781714954
46.3908574769
95.0564859325
90.0550375752
16.8299885499
74.4034462455
63.7803577802
84.1881074442
64.7143658985
48.2429293087
38.1916489766
8.8384271261
89.7659263589
97.6572390782
85.3036616358
40.849729222
0.43084186074
9.62547845052
75.2449828248
105.892957373
97.6572390782
48.2429293087
262.935930406
23.5357744239
32.2898009268
50.6964709321
29.8110983887
1.52671959257
74.4034462455
61.5533366639
8.08145762727
59.6296931183
2.31711322048
5.59967308887
38.4994254777
65.3254554951
75.2449828248
-33.8644652908
75.2449828248
10.782270523
2.31711322048
429.439033245
263.786329592
74.4034462455
111.775613298
160.075314577
82.6015306559
28.906895051
63.4643968506
56.045188746
24.2353126157
26.5106175726
-7.55223880597
222.267237628
-3.59514348592
46.3908574769
48.2429293087
28.0920002923
22.5322477841
52.3869415868
-15.8981906008
6.6820274183
36.6314669784
75.2449828248
16.8299885499
45.2949580362
72.3754991961
8.57388309269
-11.1641203565
124.610498953
-9.64356993305
0.139990185592
52.4068302818
85.3036616358
573.831496858
363.25915409
85.3036616358
323.551226596
49.740332635
29.4294809067
59.0183200232
9.52811426549
192.074971375
63.7803577802
56.468734665
57.8783629052
67.3847364346
17.3329700987
139.101498885
63.9577603741
34.5882553337
28.0920002923
270.607323272
68.5047911777
95.1878099692
229.428731797
151.077104652
25.363633339
127.719111631
82.6015306559
78.6059389261
54.4197180299
-19.4093406391
492.971717235
74.4034462455
-6.86724165331
26.6849075592
128.06604509
75.2449828248
56.045188746
84.4684029735
16.8299885499
141.437995617
64.7143658985
111.775613298
90.4836769835
72.3754991961
6.40347541945
34.7662993715
29.7134180175
-8.359375
58.5725428327
59.3136207498
48.2429293087
70.3941716192
57.6516926674
7.27251104922
55.9198862267
28.906895051
80.7840601325
96.34825074
2.47360023381
62.1566816758
-6.98444252683
28.288513984
-5.11703682054
61.1336188138
-1.44250846561
252.959355497
9.62547845052
222.267237628
122.428507001
57.5293024194
310.645233542
59.6296931183
213.064973109
59.4009992566
394.143097696
323.551226596
8.08145762727
111.775613298
46.3908574769
3.08528401458
202.536590426
2.31711322048
162.752821112
48.2429293087
25.174987732
85.3036616358
58.202841459
35.1305680632
59.6296931183
16.8299885499
75.2449828248
13.6856813561
36.0480339076
12.1801966709
147.071548848
349.220997905
133.453431982
16.0765186394
-19.236772913
56.045188746
78.6059389261
53.4756698307
24.2104245258
45.1179028348
12.807466214
40.849729222
38.1916489766
40.2665073839
56.045188746
-11.1625113722
378.20299777
42.2720166754
65.3889415944
80.5596115656
72.3754991961
18.1162196148
46.0374856873
22.7732408686
16.8299885499
83.0159621095
56.045188746
26.0234419355
311.785914746
68.4578742144
41.1837421987
82.4059578619
-4.26209808184
24.372484079
97.6572390782
69.2111993209
38.1916489766
-8.91235534772
31.9995913611
75.2449828248
64.7143658985
16.8299885499
3.08528401458
25.180559317
78.8214110457
50.1450756258
48.2429293087
80.7840601325
106.170568029
-8.69923467205
56.045188746
133.6599771
32.2240003017
179.703640205
36.6314669784
59.3136207498
49.9098297665
21.510597794
7.27251104922
5.84528953843
1.63378289255
128.06604509
49.6528372984
18.5943434469
59.3136207498
51.2682952129
52.8277621739
323.551226596
147.071548848
108.792858181
-0.611749907418
139.101498885
16.8299885499
196.485858617
229.428731797
75.2449828248
121.258103446
85.3036616358
48.2429293087
229.428731797
57.6516926674
64.7143658985
64.7143658985
46.1673046007
77.366325687
33.4571042006
18.9754787541
54.5089874781
128.06604509
78.2149569284
56.045188746
34.8038329421
56.045188746
28.906895051
12.1801966709
31.9995913611
20.5571767457
26.0234419355
52.0049648849
3.50868710486
30.7798379289
38.1916489766
13.8595558153
94.7166475831
33.4571042006
68.4578742144
290.112971865
229.428731797
97.6572390782
2.47360023381
573.831496858
121.754355952
47.6924145011
26.0234419355
7.67060426696
5.24850140678
111.775613298
23.5357744239
111.775613298
19.9278638132
45.0381708465
13.3374781758
64.7143658985
7.30219919771
55.483467323
26.0234419355
6.44209085714
0.469494846918
32.7613506248
-1.78140730512
84.4684029735
-11.4649707046
62.9043179216
25.174987732
59.3136207498
46.3908574769
97.6572390782
85.3036616358
72.5461763559
11.0468607848
19.9278638132
49.6528372984
49.6528372984
87.066046623
5.10112844494
2.47360023381
85.3036616358
126.671145732
128.06604509
1.20461662631
2.47360023381
270.607323272
75.2449828248
-4.96241887755
394.143097696
349.220997905
77.1039494655
97.6572390782
132.50633323
71.3255197332
46.3908574769
-16.5500081787
18.0543251076
-19.5993217054
-0.983489924183
64.7143658985
139.101498885
300.656565699
26.1912091792
34.3585617457
14.0212093702
76.4796777484
69.8188224663
3.20885330923
-19.2606593193
90.0550375752
5.10112844494
147.071548848
67.5172331362
-11.4924329168
169.532598743
97.6572390782
64.7143658985
-5.82745982481
23.398216338
64.7143658985
139.805734111
28.0920002923
28.906895051
103.072505902
111.775613298
32.8135851086
64.7143658985
54.2477704225
90.7553436794
16.8299885499
-2.40609501542
23.3831661715
46.7939624884
2.34816428571
76.3874297755
54.4197180299
121.754355952
78.8214110457
97.6572390782
85.3036616358
41.8713005593
-4.84292325562
59.3763021303
147.071548848
311.785914746
34.7662993715
46.3908574769
317.585716362
75.2449828248
34.8038329421
56.045188746
-11.6931001309
73.5098839849
27.8963915256
0.43084186074
25.7344788145
74.4034462455
64.7143658985
47.9585756917
99.3190517282
2.94952380952
80.7840601325
22.7805358646
46.3908574769
26.7766039673
31.1635803621
34.7662993715
94.2652194514
97.6572390782
42.5265117127
16.8299885499
54.480348179
12.1801966709
36.6314669784
363.25915409
-4.00029719193
-12.5947964824
70.3941716192
22.1111747677
111.775613298
14.0330225451
573.831496858
19.7222698387
-4.45774752865
52.6608569591
64.7143658985
50.6964709321
3.29945508443
7.86694761454
74.4034462455
28.0920002923
39.4198642637
179.046672419
63.9577603741
1.89129347975
16.0765186394
17.3329700987
5.77430788708
28.0920002923
29.8110983887
40.4399186091
323.551226596
97.6572390782
958.87806649
4.07034654029
63.9577603741
75.2449828248
34.7662993715
82.2336040579
-2.31285710476
169.532598743
55.2630306573
85.3036616358
55.9198862267
17.1126859815
17.3329700987
125.636117669
229.428731797
180.110765414
317.585716362
18.5943434469
5.84528953843
36.6314669784
48.2429293087
9.56532545663
169.532598743
85.3036616358
41.9381825588
11.5634114912
40.849729222
95.0564859325
78.6059389261
41.1837421987
40.849729222
23.5357744239
84.4684029735
75.2449828248
75.2449828248
270.607323272
64.7143658985
16.5060716636
97.6572390782
23.6544823783
128.06604509
33.2531820147
37.2619715821
-8.359375
74.4034462455
74.4034462455
-0.533709798076
75.2449828248
92.5232848164
-18.6227833696
27.8963915256
27.8963915256
66.8999836427
36.6314669784
68.9594769422
40.849729222
544.534475255
6.41979541219
270.607323272
34.5194043132
280.15032449
83.0159621095
38.7871418515
27.8963915256
75.2449828248
51.8127410871
234.769472869
215.303385335
30.7798379289
1.33664325662
28.0920002923
56.045188746
54.4197180299
36.8254512442
4.10632159888
97.6572390782
74.4034462455
6.6820274183
8.50295550725
61.5533366639
56.045188746
229.428731797
88.435465403
51.8127410871
53.4665510858
41.0916044861
-4.45774752865
97.6572390782
66.2986977778
10.8539535544
121.258103446
15.2353362095
12.1801966709
79.7384439229
64.7143658985
72.7395612208
78.8214110457
97.6572390782
15.1597074805
59.3136207498
202.536590426
-17.8321950506
2.47360023381
16.8299885499
17.1126859815
85.3036616358
13.0612792418
97.6572390782
99.879773022
323.551226596
2.31711322048
40.849729222
24.2353126157
28.0920002923
19.7222698387
91.8445872884
74.4034462455
56.045188746
290.112971865
141.114353491
229.428731797
199.48066527
54.7456307267
241.057044068
56.045188746
25.174987732
100.32828285
-4.32885840078
33.4571042006
155.792783051
139.101498885
55.2630188949
128.06604509
106.170568029
-26.4109167757
429.439033245
26.0234419355
80.8382591787
28.0920002923
8.86253783069
-16.5500081787
53.4900895368
10.9652482951
-10.9175945501
24.2353126157
-6.10018051866
196.485858617
14.0330225451
23.7698730897
323.551226596
29.5458057395
78.2149569284
128.06604509
-4.22218412903
-2.26753482554
48.2429293087
-3.69238095238
57.6516926674
9.94751788715
85.3036616358
85.3036616358
349.220997905
38.4072483685
0.139990185592
70.789333723
15.6979248447
18.5943434469
52.3869415868
67.98950858
66.1441410613
16.8299885499
-14.6687136178
14.0212093702
35.1305680632
5.24850140678
25.174987732
78.2149569284
363.25915409
80.7840601325
323.551226596
46.041914941
52.3869415868
-2.94182217344
130.548879174
37.0604157865
6.41979541219
147.071548848
394.143097696
323.551226596
128.06604509
300.656565699
97.6572390782
54.4197180299
97.6572390782
38.7871418515
2.6400084432
-13.079657162
99.5371163978
48.2429293087
9.62547845052
128.06604509
40.7995641185
41.0916044861
4.10632159888
14.0330225451
94.7166475831
128.06604509
74.4034462455
54.7456307267
241.057044068
128.06604509
270.607323272
57.6516926674
70.789333723
-0.231441801075
6.87023115007
30.8440107527
103.072505902
-30.016939966
62.9043179216
111.775613298
56.045188746
48.2429293087
23.4119597358
135.306236998
-8.91235534772
40.849729222
2.06626707507
20.5571767457
83.0159621095
90.0550375752
48.2429293087
32.8297774703
46.0374856873
72.2622587607
7.84136022242
11.5634114912
147.071548848
37.0604157865
9.00490091626
97.6572390782
61.1336188138
6.20908049987
-3.99553571429
-12.9099697354
190.672410409
37.5801815033
59.6296931183
7.86694761454
90.4836769835
15.1388766672
106.170568029
27.0990390497
81.3692039537
6.89488378456
80.7840601325
449.047886328
270.607323272
74.4034462455
-19.3967284821
36.6314669784
59.3136207498
4.10632159888
18.5943434469
97.6572390782
40.1959862598
74.4034462455
126.325082914
11.1575506199
3.64373673248
48.0624810464
74.4034462455
36.8254512442
3.19591522158
28.906895051
2.47360023381
59.4009992566
35.1305680632
29.4294809067
59.3136207498
56.6078263579
33.2531820147
-11.9189734515
4.56489819777
80.6649307472
28.906895051
-11.9689192362
41.1837421987
-4.71030720643
41.2435514418
78.2149569284
80.7840601325
74.4034462455
5.10112844494
8.8384271261
-0.482126984127
54.480348179
59.3136207498
72.3754991961
64.7143658985
196.485858617
24.3648735811
13.8595558153
80.8382591787
22.8459709665
114.844825085
-2.02371595238
6.41979541219
128.06604509
378.20299777
48.2429293087
40.849729222
68.4578742144
70.789333723
207.447338289
37.5801815033
270.607323272
34.7662993715
83.0159621095
2.47360023381
96.34825074
10.782270523
9.62547845052
1.72152078804
36.6314669784
99.5065164115
-11.6931001309
12.2444367316
22.7805358646
5.24850140678
35.1584158416
-11.6931001309
-2.26753482554
41.0916044861
113.364054837
104.634226441
6.41979541219
48.2429293087
222.267237628
128.06604509
2.06626707507
2.47360023381
229.428731797
-23.1140819964
58.5725428327
37.6646242487
72.7395612208
48.2429293087
169.532598743
128.06604509
128.06604509
573.831496858
549 6528
