18.6171666942
9.87770641529
1.476512759
-3.96282768654
-2.72368162974
43.428311816
0.633227301494
-8.4421397312
-5.79639709924
2.89287297667
24.0950915035
14.2628481443
-1.48951374374
8.26493583981
-5.42821025748
7.52961417619
16.0977407274
41.4891032721
33.2595680476
3.22920065349
7.40349182937
-23.9559274513
13.7891634357
-55.8935666725
1.76420688262
46.9210306008
-6.65294407209
-16.1701018205
8.9114158747
-0.733590817584
-17.1450434001
65.7227994308
9.86979186343
-13.248290625
17.7911940797
8.97118309532
7.57621182164
-0.72441763594
20.8026991356
-5.98214979193
7.5565015575
-10.7661566873
5.37003890506
8.2996065851
-15.8748892429
27.0671229282
-20.7877230763
12.4061739017
7.32022047493
-3.96282768654
4.78278563932
-6.78204756373
-14.7694448976
43.6311192831
-34.7227373013
-24.7040983098
2.69805789514
-28.1498148693
-29.2084256878
-14.8129811231
-18.431762983
8.12292841805
-7.55250726977
55.9854117826
3.47770431407
-0.995959945324
9.13672956491
15.0753062731
-31.7278863212
68.6939518529
-25.472394387
80.7536837024
6.86326847824
-15.7534329374
4.57836652232
-25.3334558237
-17.5360095766
-0.665247008238
38.2227821741
4.38803605366
5.77261374464
15.1747646895
-9.516611963
79.7178314254
-3.6745712548
-14.8222404743
7.12125404724
-1.36127368463
7.46959665873
56.9210424524
32.5169245566
28.5685910927
90.0201342815
3.98103571887
-14.3930000619
4.11183690572
3.6085818132
-18.4156515271
1.21875729304
-2.59690751371
-2.27487939871
16.7885204047
11.5416971756
7.43021535754
17.9331057843
13.857928267
-3.81004896224
67.8869888713
14.9467909462
-9.57699396837
1.62860819488
41.0363919548
-22.2642570677
-2.62418689202
10.3949751713
46.5201517149
85.5850152471
33.6411556445
-16.7734459315
-0.331777252991
-1.6114573402
5.87870296335
21.2760964397
-19.8490158781
-2.9095791429
8.60027066739
13.3640250594
-13.5438256071
19.7083309808
-0.665247008238
7.49072006599
0.496995853901
16.5464894076
10.568207397
-8.36833504727
14.2628481443
-4.53777353379
-23.0877785993
87.7067283543
-24.0165439669
37.2147256854
8.47142438631
15.1279533278
23.7198348778
-14.6361064595
-27.7539255144
104.359577646
-50.4715509304
1.0510957082
27.1616460347
26.0307796301
-7.69508543257
7.32022047493
1.41706071183
-14.1378380379
-9.8887087072
5.99740903688
0.354240140172
5.17984776727
14.1223748774
-23.6094181545
-13.8156783853
-0.0447467057546
-26.028505397
93.5969344109
-7.28435567691
-0.284405972982
7.67226155714
-26.3610299181
-11.859327243
1.52335895386
0.84277168746
9.19303376065
6.60249368933
-7.78023505691
-29.4735519827
-17.3241566951
-8.27900635747
19.4117022891
32.152274939
9.73967793821
-8.31054603544
-11.0613624875
-21.3688491166
9.89902757236
-8.18829790405
-7.19404504112
-29.2518173699
0.428069498847
23.4472157389
-27.4008342818
-21.8796688843
-9.23889102652
-7.5670999609
12.1244979534
41.3380137606
7.65390794942
-5.97940992236
27.7660557598
17.9904217753
-8.38222682998
2.17500205499
-3.96282768654
17.9586510917
23.4464586283
-17.3861685325
-4.22905240039
6.11115533006
17.8523343649
-34.0925272178
19.2726862015
-7.545134673
1.95443291244
30.2137489685
79.2699885622
6.99653199249
11.8201038163
29.6369609832
47.2410272851
-6.16959120547
-16.9927013242
4.45287332885
-4.41637020496
0.549393612215
41.1898165973
-4.96309943793
-6.71101122336
-20.394591751
-0.0469233940941
12.8478463842
12.6618845195
-20.1139016758
3.68791181936
32.8627882609
3.50401899534
-13.3764259489
-14.3915965117
-15.7652306459
-4.10854572238
6.76290127897
12.6278807121
-13.2868563252
16.6608298142
0.667923532557
-11.609692724
6.67926671873
-0.665247008238
72.1247450089
-15.8690401108
-9.1064670721
24.4359549106
-5.97183160516
19.5102706598
-7.5175219107
20.4568813134
-4.81010036988
-7.78023505691
-7.7597211009
-7.4558695352
25.3040559843
22.970555497
10.8685145812
-1.68829588976
26.8563252278
11.0191014011
4.43725964051
20.6750056376
36.5661514026
66.1507656339
-16.9579221473
-9.96045528676
-30.3791235067
10.0182884617
7.41086270955
12.4193056307
-7.99357265216
-21.5213765828
0.929117543214
-14.5666679522
32.7935872338
21.3955870124
-28.970292926
2.5282407773
-32.9467649671
4.23258798712
-23.0540711896
-33.7957984812
6.33229214476
31.797599319
6.88194640181
-11.9613916189
9.10578202564
1.82536400569
9.35339905867
12.2070095169
-3.96282768654
17.5074264403
-14.7899971178
7.07850197795
-22.3591430677
3.97429652943
-12.8000489502
6.90904804997
-9.54002720281
-1.92027438151
58.1620141623
63.6945848728
70.8072626948
-35.59141983
9.74835096574
10.3211439605
-14.4819234734
-27.1296767321
12.8530871036
12.8633433262
-9.80390281297
-15.0776682269
-32.3031546821
-4.12351176476
12.1822814657
-15.8269734159
8.76927334028
-3.2806829648
-9.43826432729
47.2410272851
90.8355898591
8.39828170558
-0.210143771679
22.207351721
-4.82758118629
36.0877466231
7.92208500566
20.2699195523
-7.76929935501
2.21258627378
-0.125528571237
19.9777142455
20.375685906
23.9435065883
-5.16403733742
-1.92702653315
74.8734572979
-8.04271050989
27.9622699068
4.60086364032
8.16744688751
-21.8410696525
60.7807007811
-5.27122663029
7.83609408044
39.9354497549
-26.0285339338
-3.72488384863
-32.6518282018
26.2691812505
-9.03346070067
-21.5693180862
11.6911952139
54.6795047945
23.7748295184
-3.39878006691
62.9981517592
23.229954221
-7.91646107673
-37.2998976935
-9.54544767486
-5.02007357622
6.48444433688
12.1232011825
-1.41865247765
49.933623816
-18.7847729315
-4.32485044333
-36.7504896293
14.4655013287
-9.19608398624
-3.80822570467
-33.5839913244
2.4662627093
-31.2887174399
1.82536400569
20.11163172
18.6008333188
35.7043146962
17.9331057843
-10.4401200479
10.3403042417
8.31833564407
14.1607522055
-16.5575365608
4.23587976259
-24.7204094729
10.4206220413
6.86677564548
-21.4161406707
11.3199690188
3.54068645371
112.264781727
14.404508147
142.367069361
-0.0018066846911
-32.6266566373
-18.2493876184
-14.4609303456
-19.9714506869
16.2514001054
-14.6231920429
-23.7995789676
-4.69252568011
-3.6092751544
32.6769229137
-9.80524209155
25.1361982567
-3.90169187526
-13.5592303882
16.4177283876
8.18862423705
45.6971279543
-0.872905421627
24.440312794
104.359577646
20.3878430737
49.2405494583
-16.5020938455
21.1712429708
-6.20004338358
-7.91646107673
-0.922534265263
32.5203648872
8.12921906163
31.8571580504
12.0911543741
38.2824464469
17.5314414711
18.151200657
-15.4473490426
-3.54259155314
-7.69508543257
-5.07350870654
16.0206462138
-26.6256369606
48.8412705591
6.41212950684
18.7366921623
8.76927334028
1.27422845882
6.06268088124
-12.1788288115
30.1728187126
12.2070095169
46.1597044095
-34.8201467555
65.6046491011
30.5279359779
83.9067053467
4.21435526942
12.2070095169
14.492427263
1.35759553807
25.0727266481
3.01475536003
-21.2685837044
38.7970528988
17.6741004813
41.47712564
24.2253208083
34.4352382796
-12.7997522314
-0.692481339543
-0.723263436772
42.7659614582
-1.94924939098
12.8735558615
13.4467466697
-13.7593202028
-3.22888356118
24.4759689235
2.30425206436
7.47411487291
-21.5652811256
8.73569530392
39.9975398917
8.63717043203
-29.7903281715
-4.03998485874
9.80440513173
-6.10584137363
-28.8076070911
-14.8222404743
16.3525278823
-21.5213765828
22.2291114653
-5.20193294429
-28.5320483256
24.0865597797
0.915763438222
68.3146405273
7.4148065152
-28.0550413452
111.124040353
-10.0472769736
14.0673257569
12.7376177633
-18.8385127175
-5.29448070882
46.6234342682
17.0017053338
16.9305890609
-10.2289190273
1.33241714495
-2.1826942431
-28.7026546984
-16.6784020251
16.8475575692
-1.37312054915
-7.54895356502
3.51918359516
-34.5288727067
-26.3152864253
-3.60229138723
-10.8482101508
-5.66066547273
22.2427625446
3.55590413801
-2.24749269196
-1.86654479517
23.5303362963
-30.4353589999
-4.31092808176
-13.766995088
47.8660572586
-27.289674555
-7.29697114909
22.5964482409
19.895561277
19.5772174026
-30.8434732489
-27.2898791918
226.6989427
5.71587252339
13.0344983042
22.9721090411
22.2074030877
-1.17867623721
-6.06890934386
-7.59783227906
41.3974709124
79.885286662
17.6141436874
-0.74088664218
11.6487880922
56.778323973
32.2516229799
-2.00070852974
6.08447734983
3.39182137398
10.7597308047
-35.3502631433
6.60315972333
11.0068577147
-10.0469718961
10.7438179489
13.1567951655
-28.8848912304
-11.2186878508
19.7923919878
5.95985299298
-30.5889176087
47.9225545607
-23.2326745133
-0.0319111628227
4.90547795388
-9.67926536126
-8.08593837902
-11.5825535298
95.5524549751
8.71178625357
9.00793692994
-1.80429684005
9.96127929555
49.933623816
-11.609692724
5.70546264564
-13.9419305665
16.9181315319
18.730482941
35.3222635486
37.9848370291
8.81790409745
7.92061154055
-2.8251502478
-4.21474618229
-6.32773600911
8.71178625357
3.34881198239
14.2628481443
-28.4535673465
7.32022047493
25.0943101907
-35.6654873639
7.3247926135
36.4819159952
-14.7910725091
-26.614964341
30.5193099055
26.596165247
-30.1372368107
-9.70844581139
-6.11720835567
27.5715019455
-2.07208632447
-1.63030313482
-17.9541026293
-18.9916874851
1.90837041982
8.18862423705
16.9823468178
-15.4202383023
24.7623716512
-13.2470307527
21.842847817
1.82536400569
0.727913533935
10.8349029762
9.91296751679
6.90904804997
-22.0282499196
-5.72559692411
-12.4249107952
12.8918371585
-17.970831127
-4.56681585224
-1.46690882522
10.9836810286
11.0837358401
2.25734007443
-23.7570549427
-23.516651095
-8.65785294422
22.2961978119
30.2642628684
-2.93760475452
-35.9738590784
-5.82805967504
-15.0412292893
8.57426628174
0.412160207983
-11.8865731876
-29.3671840625
-16.5542749662
25.2367167421
6.31044067961
-38.1890246472
-9.1064670721
29.6969807838
-12.3938651597
19.1357146135
1.33001503807
1.82536400569
-11.3778856505
-18.9969972295
27.3082854033
15.5276581022
-0.809083962188
21.4174719404
-15.7895095317
-6.99826714044
24.3904222181
-10.8967249088
2.932090264
0.964517060019
4.10615053145
-34.9533935652
38.297530631
17.9331057843
-19.8956877529
1.33432206905
23.6224817343
-7.59063918349
11.2672643573
8.96013239741
-10.3202621727
-17.0881977349
37.6198056229
-8.81162260069
8.75542398833
10.1323909528
25.0234957717
26.596165247
2.09596950763
3.44105701803
19.3813832655
22.3149843013
-25.0485934016
14.0000348161
8.9114158747
14.2628481443
8.9114158747
14.9049895568
-6.96951342584
-1.8394130896
-6.8179250509
16.584854901
1.74279024624
-5.5240660433
43.0791873197
-2.87768132496
-1.03656422335
-0.782784370185
14.875659246
6.29316387332
29.4484324812
-12.9277585818
20.1401140437
37.7444580297
55.7941897689
61.8620745511
-11.7184356683
14.2628481443
-16.3778403844
4.10615053145
44.2379846356
13.5652319594
5.99756188443
-27.1296767321
-2.32882373641
23.2836496675
-13.4726334885
-16.6914548075
-5.14342772125
17.9331057843
-14.0836398823
-0.852438108243
10.8527228547
-33.5839913244
-27.7661001725
-18.3189459535
9.8602819433
1.82536400569
-11.4348541598
-0.852438108243
39.9975398917
0.949519186778
2.32464785449
-10.2187311075
-6.047694689
-24.8082290797
34.4380383651
-32.0197731364
10.0148136313
7.48195308389
27.9242861337
-17.1329346191
-2.91010231682
-23.2192519158
-4.37051414107
19.6384759178
-13.5292341667
-45.0577342567
-22.0144410597
-10.6955774506
-7.31690821332
7.44975330079
9.50657596663
-9.50052120047
7.92661474658
-5.5085521588
86.2779973201
-35.4239483131
-11.0559606013
39.8598468263
-2.64878328756
53.1022357972
26.2997608611
5.25620786314
7.57946443125
-14.7460109633
-0.809083962188
9.81924706775
24.5395074573
-1.21418106903
-9.90813896317
13.960434782
66.3174760828
21.1520992955
-36.8977511156
52.5621246065
-11.065982874
1.0510957082
21.8341557551
6.8702673397
-35.436451381
-3.82928927734
9.75976030888
-9.1064670721
123.762278796
13.3405300819
-40.0911704072
1.95425561341
37.3005532708
79.1730252323
25.8561343833
-15.7895095317
36.4218591239
-12.286696169
-0.389955524334
16.9510717747
17.3727409707
0.662345053909
19.511936462
-37.055829027
-2.11118822035
-33.6277712577
11.3444154581
8.76927334028
70.648951665
-38.3676167204
-9.5787369462
-8.51838953941
-20.4120326893
8.85006377733
-6.13161449431
8.54040727956
-3.64076369251
-9.73977170446
8.76927334028
91.7354238362
20.9373580903
10.9117007662
12.4975556562
-2.64878328756
-1.11943593957
89.781074707
85.0176125894
-5.83292506936
-18.3673481858
-5.30364561423
10.2614375465
-4.09884781801
2.06890431033
9.85671563139
30.4877957341
-6.03989971688
30.155524463
16.3043020215
8.94362544912
5.13127003222
20.0697120872
-3.93133099419
10.4206220413
26.6575698558
-38.089438663
27.7072030811
30.1777827973
15.0929669225
13.3863712991
-21.2938004569
-0.0792491730837
-30.8434732489
0.345749116908
-20.3262706424
-6.65473997634
22.9070370724
-16.2560063838
35.0866375429
-4.39972148119
107.344460686
26.032855156
-14.2627159075
2.50217535341
35.8548964333
38.8517191891
14.7428219426
81.7595244158
-15.7895095317
2.59694724892
99.261259738
-3.96282768654
49.9616247256
-7.73139297448
11.3887322028
45.3878894886
13.5129448122
15.4803295998
21.6506872535
8.15786935803
15.162126455
-3.39116984601
-0.676173289333
-10.8583821243
-14.8222404743
-3.0688255196
12.9373679662
7.20252291937
45.588929595
6.32404424051
13.4924818874
47.9204102538
25.4667733615
-17.8821166424
-25.8348004284
-7.55071712001
-16.0748577747
-9.53549557361
9.57614393296
-6.27720140817
16.6866336586
3.67276053204
33.0033972772
3.57769654241
25.7820530842
1.82536400569
-0.701433625289
9.52841209392
-0.25194060184
11.6485976532
11.204349713
-9.13637127715
23.583877917
20.2408807727
-19.4044270901
0.483332809334
-9.00639522455
-21.2260100495
3.47770431407
-0.386399623581
1.40925004192
-8.38694262041
-7.17046975841
-1.61036917429
3.88169539213
-1.92297482336
20.572971228
-3.68976848784
-22.2642570677
-38.06117459
-13.5241440668
-10.7807647735
-15.5896076772
-21.9481232432
8.76927334028
12.9735063118
9.75692836676
-22.2409482825
13.4870273768
34.0009288704
-8.63283897096
5.57143861052
18.5965536566
0.382812976251
10.0840715989
-15.2035389512
-0.0180359731571
0.382812976251
-2.26266519665
-21.5652811256
62.3995098639
0.0225925987049
29.2501117467
-9.80390281297
-3.96282768654
-3.2516702133
28.2227225298
-11.0861570615
-22.2103598061
1.6581705233
24.0488743817
8.9114158747
48.4874898551
-11.639076598
-12.8494577547
-5.00429644699
15.4973642458
1.82536400569
-2.98722721798
25.4220586287
-6.30446452169
8.71178625357
10.4542812724
-0.168629254906
34.5685747626
4.31460129504
7.71790836276
-28.2255590936
45.2896143058
5.89597772692
6.31823173435
4.57577898381
-5.5373071742
-5.08503003249
14.4965445671
-2.26283633227
-10.6562868524
0.496995853901
1.82536400569
9.49123465229
-23.3561912925
37.9651027575
-6.26523573711
36.8506563424
-11.6489057129
64.5048284304
8.4193636394
-6.28109846174
4.47146125203
-10.0737704495
-38.5335335781
-12.6501318268
6.62182734238
20.375685906
-17.7033363699
-1.94620943552
26.596165247
4.76208938491
4.81064724018
-14.9438923196
12.2070095169
-21.7405818625
7.47304595006
76.5663951468
8.13834022487
24.9116156009
-11.092334064
-12.5724620219
5.15839825852
0.76941869628
-4.7150408704
-23.3072477054
24.565307965
111.969085695
2.44661198057
-16.887172221
49.1751923742
32.3231885713
135.593380326
15.2656245024
-6.10942674205
62.77795375
32.5169245566
-0.575108392362
-6.09582786442
41.4432595252
-10.74571074
42.5493211272
-7.1354970986
1.73510983048
-9.15479865008
-5.70444890583
10.7082811065
-4.27302973406
-11.2502330188
-15.8728666286
9.96652484222
-7.69508543257
23.1119533827
45.200906846
-15.4525568904
-23.1287249429
-7.30676130953
6.01153501295
-10.066809059
62.6442361551
13.5652319594
-23.0793540918
7.44975330079
3.46328990419
-1.84126176073
2.05668614463
15.7960726753
-3.09845189341
-38.7462945131
-11.2905070922
75.4226102943
5.65077896094
4.85403406611
139.617764585
-4.68484781949
5.36850661014
1.47329619163
-16.6466212509
-25.4530412592
-8.18062175117
5.98330300741
-21.7893474179
9.81446833158
23.7520778455
-11.2983551265
-10.4869765072
11.7877011326
20.3358029902
-70.8219601209
8.54040727956
-6.60228503339
-0.267006534024
56.6687380415
9.22019078254
29.0711911101
-7.13444562208
19.0761773765
18.5412657655
-29.9289326853
37.379153907
-31.872609017
-8.36927771548
-2.64878328756
58.5986560634
-45.5212346774
30.1777827973
14.202390592
-18.6822167767
-9.1453687813
13.5254319906
6.19256577334
-14.3595286209
13.857928267
-14.7460109633
-15.8945398853
0.275818379446
16.8766152453
20.9280676553
11.6328148712
-13.7593202028
-26.9255100859
9.73835391835
293.73180654
10.1283964704
48.2444292748
-8.11834640452
25.0865780558
13.6556659821
7.2176605877
-6.26523573711
-11.9631005998
-12.1524830743
17.3380949838
3.17493346921
7.12600176564
12.8109645278
-23.6002648157
20.6483061438
-27.2580067865
10.0478383653
10.1858931552
33.099178557
10.8685338156
0.985591185212
16.9864583947
-19.7976035989
45.1513192033
13.908470385
-5.56577538081
-3.1133073265
43.0384202101
-17.9742032887
33.5303269107
-28.0711232886
19.5271639544
-5.5373071742
-11.7976735358
-7.69508543257
16.6101043448
17.9331057843
34.3920527084
-0.665247008238
-7.27600919219
13.1602426472
8.73569530392
-23.4028011158
12.8478463842
-7.66955017763
-12.6900777156
8.76927334028
-2.69506959235
32.5169245566
-18.3183744557
5.84173545005
0.693804969261
136.501675431
8.92451047421
34.2366080767
-6.51735084587
11.6862020734
27.1178660244
42.6479411417
73.0632141371
-2.64878328756
32.5078670527
1.82536400569
-2.81467008423
5.39125394531
-2.0235949888
17.9331057843
3.62566350337
-8.97332228385
38.6875975122
27.5048801134
8.71178625357
1.35061239561
-2.6990216602
-6.55709917206
7.38625711883
24.6951773578
102.708330383
-39.4646901911
-5.05104117997
-3.62813294187
-4.62102923435
0.533402176835
-18.9621619698
39.8363515193
6.71084213978
2.63453923612
2.13536903069
-3.96282768654
32.6931590975
32.5169245566
4.50714693603
-0.0180359731571
-32.9473887078
7.12600176564
16.4173958375
-2.64878328756
-3.46887428993
-9.92526607242
-13.8738544591
52.1467076896
12.2070095169
-26.1134592569
-5.2322952534
24.3481867265
6.72605522835
-2.48211125622
-3.00947316395
19.1577914301
1.82536400569
-12.3572710576
8.76927334028
11.6741411529
-17.0463565537
67.5986515699
2.66306626461
-34.2100814041
-10.9025416646
18.3049562015
-3.96282768654
-2.64878328756
6.80567966919
-1.92573215298
-16.0307681632
8.82087002137
-1.37312054915
-2.19811898562
-6.70549783605
-29.3891490853
-27.1829697792
7.6059088067
4.86712886783
-10.5334913789
7.17280183969
52.6391365498
-9.96048401809
49.0252327555
-14.674086547
16.255522144
29.0745804162
8.8050432638
-22.8890911303
4.21318098678
2.1492073708
-5.73494348855
7.19051519926
-21.5213765828
17.7712991273
51.7333449601
-0.241221602154
-30.2836497319
-1.42711853154
-11.1502618131
30.029232519
-23.6190870023
54.6795047945
-19.4298606725
-10.6104896439
32.775003215
4.43725964051
17.9331057843
28.5920146236
-44.5064383117
-3.44788739407
13.1046323683
-6.30679992614
6.54770976212
6.82945123975
-1.92573215298
14.1246316348
-2.17337468735
17.25816753
17.9331057843
75.6783844479
12.1146042739
-28.0408567081
22.4846130155
14.1618566967
17.2209368148
-17.2387861792
1.47329619163
-15.7895095317
12.1022342743
15.5318968041
-21.5795047341
-12.6775459722
-7.9480861288
16.8856382188
-46.4975280111
2.03158432569
7.32529351592
13.4792391111
-5.92924380844
-9.84548323039
-29.8937516272
-24.4950310695
-24.2142246865
19.9725655659
20.7560742375
2.59110093655
3.37252923429
-34.1904292458
-0.12613479782
32.5169245566
-6.47272599142
18.759323538
10.7445601423
-3.50354942564
168.659305542
14.2831920824
17.3722352047
10.3205319179
9.05906986283
0.693804969261
1.43449140145
-13.4937831672
-7.70858921369
4.1845490951
-23.5274743971
22.3858435039
18.9999631605
39.0957934641
12.8478463842
21.9955245444
1.82536400569
26.2042220532
-10.8785096736
-19.934285134
15.6551950059
4.79458905944
8.9114158747
48.8029852421
8.71178625357
-19.9367230499
20.683982243
-8.49470777595
-2.41375450147
0.191046868523
-5.41726509584
-21.8304175681
-0.597160017496
-5.36030561144
35.9468988955
-5.23948504801
14.554413904
10.6735423639
8.26493583981
101.93663895
20.8289617202
20.7560742375
-12.1552229314
16.7495979319
104.0937848
-19.4984350372
18.7792427421
-3.26925853703
-4.84449883603
-31.3590154204
14.0000348161
-9.1064670721
6.76239738109
8.4246397235
25.9676138686
-30.4464246424
3.819845362
-0.749360232065
-24.7369956336
-6.13219328069
35.6864919579
50.3736128367
1.84297334598
-11.6146920211
-17.064417389
-2.93826511892
50.0347640086
-19.5704195741
-32.8022430556
4.24517234417
-19.5732504818
6.05825888236
-6.19102168501
-7.31368322833
18.0233070558
36.5661514026
3.65586250976
-2.77839520209
13.8482937153
-12.3639867795
-28.1498148693
-24.0612292211
-29.257225119
-19.0610997266
-17.0341648554
-20.3262706424
-9.07752280045
6.18297204607
-24.7691625738
200.038572601
-18.0644264976
13.0977758239
25.9676138686
40.4690632103
29.2979088092
-16.4739514516
10.8446927349
-11.5203769295
-27.6323462719
25.0123134625
-32.903365955
-7.03978298863
-21.490332963
30.1642755968
-10.2696729161
4.84481669572
15.6296753929
32.5169245566
13.3070368792
8.26299208874
-1.34024948354
3.37252923429
-3.84961972412
-20.3262706424
11.4574858564
16.6887472787
-0.813364293023
20.541565235
1.95443291244
107.370209162
-9.90825036696
7.025973918
22.6615317478
13.1046323683
12.2070095169
-7.69508543257
0.530858199747
14.6971825873
-23.3198007379
32.225701487
27.6351566446
-9.9674792554
5.34587131811
-19.7205563376
-32.6081583556
-16.0331233693
15.7515285243
-9.42016214139
-6.97396246983
-33.9119521319
12.3334354393
-12.5767121467
8.09325056721
27.4141624193
21.9687003166
-8.15990617064
-14.8222404743
12.2070095169
17.7002282384
37.2758974759
11.8066094352
-4.0851139
25.6036029565
57.6366681112
10.6556333907
11.2643971131
43.9865339531
37.3948923943
5.18850843537
-4.25837434661
-8.76178105205
9.81924706775
-7.02217344901
-6.69183370237
-10.1470937581
11.4546281041
13.1046323683
31.9861960742
23.8503361738
-28.5320483256
2.14606732107
32.5169245566
-8.27566564757
-15.8912208048
-0.8265423239
8.73192882618
16.8290853208
17.076037579
-8.42300819961
-0.81192123269
8.20292822817
5.0783597207
46.1597044095
62.0306890149
33.1283692284
-10.4413351749
11.5841220912
100.597539289
-3.62607614587
1.62914235798
-17.0463565537
-0.165579092785
2.01227513927
-15.4395883767
10.1802793249
-4.01638299144
30.1777827973
-11.859327243
42.8684186081
30.9352722907
-0.654544142612
1.12866276481
7.55590681159
15.975001584
-5.48611602363
-22.6935094372
1.14536208
-34.4964642524
4.53268228078
-19.0339900031
9.06518121229
19.3833259238
-7.93277431953
-0.38174369673
2.38482421501
30.1777827973
19.7280803688
-23.5891644603
-3.74786980568
12.2070095169
-1.9453001004
4.23535061706
47.1252322161
2.05596294117
-25.2621743936
20.921530139
10.3912223129
17.879725232
4.68482178059
-16.3493771043
-8.63283897096
-3.34400285402
-7.28257723088
9.56143522077
8.76927334028
-7.55764499415
-0.25273469896
37.2589651675
2.1269334028
-3.39587936286
32.8738754801
-37.237977169
-2.74159348834
45.0331993175
-4.21883894592
-5.29448070882
12.8478463842
32.225701487
10.3211439605
-1.81689258903
-20.002734768
6.82365921315
-19.9197720233
-15.8912208048
10.3191822202
-1.09320554273
45.0714096016
8.34501638757
-24.7670995192
2.62334627449
20.1175222626
29.0449320254
-15.3128296933
9.99804548649
-1.1835440595
22.1322045373
5.81891410344
-20.8599887538
-1.77786901788
-24.3911449327
13.1466815356
-12.4589233318
11.7305638171
14.5037032926
-16.6037932062
-26.0931454281
-23.0636384991
-4.06244331501
-18.8650609576
32.2534885294
-10.6440497043
-3.25525049926
4.34350821329
-17.7847674431
-36.1378916814
1.21875729304
65.6046491011
-0.983564929002
35.4593790734
-35.000690494
0.184088496582
65.8942444177
1.03926134378
4.08206659966
-4.83967270658
15.4841345121
10.452345158
0.704225340717
25.2624487414
-27.8698385668
12.2070095169
59.800978423
-11.4231432567
2.24611072757
-5.38910949715
7.24660865249
16.2390551599
-3.91965688253
12.3494681756
-36.1440998293
-8.68020648931
-1.41865247765
-4.35028640382
-15.4999901489
-19.9197720233
-2.29373992978
0.0253391348935
-15.7895095317
46.1569654982
5.36026670674
77.9149716497
-36.9956731238
-1.74803085207
-22.4258826319
0.543579992736
25.4220586287
-2.98722721798
10.7239024841
3.0057709285
20.4883152914
17.0743807062
-0.665247008238
-3.42329684836
5.01558473898
-25.696695952
-25.8225881635
13.1046323683
25.4220586287
-10.4088849331
-19.0810240946
0.530042340719
29.2191835511
-21.6256724767
1.96061815509
-1.99549717435
-20.5768436252
-4.35767265043
73.4163688058
42.244635752
6.95284956769
36.3367933508
8.62331062198
29.5595715539
48.4717377064
-16.3847307768
-9.1064670721
-23.7682276359
-3.84961972412
2.69805789514
-10.4417447834
70.8180764655
-30.9677419338
0.915979440058
-25.8994269107
-7.69508543257
-33.5755352585
-3.31449349152
31.3194000625
42.0604759003
0.812045501122
50.0347640086
-27.9851180714
-4.41466664371
19.53473809
12.3427442031
41.0237190687
-23.1287249429
-1.60056441276
-12.3448732789
21.9155983641
-5.91009042723
30.6698574224
-17.6636642952
-10.8669756183
15.5804716304
74.7097690118
-27.4981867733
15.1091994056
25.8858209314
-5.92734872981
-24.6117670394
1.76420688262
9.89902757236
7.34112185515
-7.13415799443
-18.4077551866
14.9049895568
2.2998923092
27.9178091823
-16.6037932062
5.31523394117
-45.8191462101
-21.1801999562
-11.3911121203
10.4631000212
12.8478463842
-20.7877230763
45.7006625892
-27.6434286452
10.5725947944
-20.6092029501
17.9331057843
21.656934588
-12.9627328716
25.5050048158
-4.72055350454
21.4234018956
15.2363191387
-1.95355540686
-12.3938651597
12.7528623058
0.80222559398
1.17314598186
38.4718619045
-5.1445823976
38.4768968187
7.62298570193
9.8548241899
8.15601262055
-15.930102714
-17.8030749204
-7.72696835144
76.6469021395
-22.9481496283
12.2070095169
-8.14152143135
37.9979619023
11.6019419276
-11.9876707118
4.79883523137
-1.92573215298
-14.4004078331
-19.9677535297
12.2394299016
-2.80516501429
-3.96026658882
-14.9568229364
2.11717141969
12.0927798354
20.1345289169
15.3891153816
7.08636918997
-7.69508543257
0.752128915724
105.918021763
-6.13607390313
-1.26540189961
14.5167829857
1.87386729009
37.9804336472
8.83274829555
-63.5365850638
9.88403620321
13.5652319594
12.6110410101
8.4666797482
-1.94620943552
-22.2103598061
23.7555931348
-19.0202551589
7.7167099162
93.1395433783
11.5532351793
-13.6719593095
1.5020350158
30.1702504838
-7.95772031925
-7.69508543257
-16.0764354455
-25.3398104978
41.5028518048
5.53327315339
19.2648908081
17.2990982372
-19.5377061213
44.2379846356
11.13767172
-22.2103598061
34.9653005735
9.8910629138
-24.0039012903
4.76288961193
6.85645998922
3.97783924499
23.0045391834
-31.2000582634
-24.4211476004
34.2252340714
8.59952754839
-0.601078958505
49.5715063242
1.21021267269
9.31602743892
15.1107139614
-1.92622453945
6.09695371443
46.3262282704
28.5357384839
32.0777324436
38.6905301071
14.1334304683
26.7402404811
-1.68036375288
-8.50003788147
-4.61349480227
32.239732561
2.48592971278
-1.41720888225
-31.5002935362
22.4705811886
4.21435526942
-4.42605031915
13.2729345725
-17.6999050286
16.3005558155
-14.0030931897
16.6609656172
-10.1971393199
-12.6195516815
1.85444691536
-12.3241490124
47.8621718003
15.6735005905
-10.7594795274
-22.0862849931
-7.99638797706
24.9811434279
-8.80717991261
-4.02260501916
12.8017261254
-31.3554525416
16.9896289064
12.2070095169
17.2209368148
6.29441740011
-6.04987120526
-15.3814410171
2.49396077792
-4.33091536254
-13.9834793144
-0.857696284974
-12.3384072312
16.7777105457
65.4881669363
1.82536400569
39.2371013073
16.313261044
10.9728463635
96.6458303154
-2.82339774426
-15.9935373459
21.5485126602
36.5064154988
9.18048100351
2.4662627093
20.3113347952
0.856078745822
26.6505164316
8.01014682772
44.1027076424
-15.9093698302
-1.71424381608
23.9980234098
50.3977918442
18.7549785358
6.94650098894
-1.03651661417
37.4594743772
-1.89176797712
-20.9554248983
10.5356794831
126.13412958
8.71178625357
-7.24413569142
1.00979756476
7.47588470558
-10.3010314316
-38.9096275707
15.9369797162
-21.6283556369
9.78561271823
-40.9813375672
13.5254319906
45.4064363701
-30.229344778
-4.66491475484
21.2261267571
4.73526325361
-3.08404376135
13.4401251226
211.489294519
8.81156799053
42.8849265922
-2.77839520209
-7.76971860818
0.304090156849
92.0308327457
-1.99578124018
6.62610516142
-21.2513168037
-17.0292840572
33.9480399463
2.4662627093
4.21435526942
16.117080644
240.311398646
-1.59296546098
8.33876960026
39.0803305543
4.11125284007
10.8935935348
-3.04392128586
27.7943028582
-13.3309951829
23.9395395617
8.75037411364
3.70431738949
-4.06424659446
25.4380685416
1.95012343823
4.21435526942
-1.44835507181
28.9296145544
-10.7587871789
29.9432355395
-18.4406214241
-18.6794271336
37.6225317408
103.197033629
11.3199690188
18.2473404399
-29.035324587
-3.77068005938
3.41864740211
-22.4769303204
-4.87185704139
-5.02007357622
-8.33955808563
-0.602735107432
-3.96282768654
3.68427133463
-10.6334799185
-25.4044085194
-3.59617172273
-21.5388100291
12.0325967521
-5.44800209447
52.258886348
20.4448982906
12.2070095169
21.9100154737
20.405593672
11.1449489039
303.829738909
4.13786525057
26.1046274986
8.13834022487
7.32022047493
-10.7056748511
21.8285718514
9.21735346902
-12.9162242011
8.76927334028
-3.48460180156
-6.84964908091
-29.898467671
66.4275892924
-8.39508175557
-26.4458106816
7.65383536648
13.2137311503
-18.1091320958
42.6014390667
-29.4500466502
23.5392801189
11.5718956459
2.59319442727
-1.94810945284
-9.995970941
-16.1653445571
1.15694122452
-18.815141297
43.1771345283
22.4705811886
8.30565084692
-20.306925717
7.88807940961
4.54421921963
-3.96282768654
7.32022047493
173.166826356
-18.2226232083
11.527445677
1.86727394229
-25.4847539576
-7.80205374269
3.24350709832
-6.53527855895
30.0798720187
-20.2268916713
11.5940901369
1.03601312753
-3.58614291525
10.9023521935
64.2647683099
21.2711315577
-33.6450474741
44.2379846356
29.6045849302
-8.93924856416
-17.0341648554
-15.2410515987
50.0347640086
-5.12178216506
-4.87185704139
2.4662627093
-33.1218140243
-9.70844581139
-8.67825270489
9.67033663491
26.7505936327
7.44314494445
10.3145298745
17.9331057843
-12.7572207196
-28.2152974405
-24.112825311
41.0363919548
0.735986637375
-14.0030931897
7.77566382579
4.75940822571
16.9181315319
-5.61921608066
15.9542675882
11.2007779098
-20.6017105463
-27.9873875557
45.0930839915
-14.2658491379
-8.45353689958
-0.665247008238
-29.9307089114
7.1085651253
-2.72220223709
12.6958376051
-19.3862804966
23.8228741659
-38.3235694332
-0.0359240006977
8.76927334028
29.3175941184
-3.57377026902
-0.420656275942
-12.4530180765
13.1567951655
14.8135880238
-33.6277712577
49.0285545294
116.35036645
-19.0872807753
-2.66791570492
17.2214625077
28.8305141838
18.7792427421
-14.8534449981
-0.810161436116
13.1602426472
-29.0807323864
8.51726159669
38.6534559802
12.6958376051
-20.3565422334
26.5014565464
5.20215753217
-18.2721690718
-16.7633356784
-14.084888156
-11.373422485
-9.180014698
71.6697357298
36.4819159952
-11.825392463
-18.1091320958
-31.1756240465
-4.80141114243
20.2964190839
-0.793666263688
0.394126162926
41.6618289466
-22.2103598061
85.9405395059
16.4078607882
-4.8855209415
37.4395589272
5.63428827577
6.4598105011
41.918220044
-32.3303056643
-8.53121112731
14.2628481443
4.67920984093
-6.1913799602
25.0969561878
-14.8222404743
34.7660851983
66.8646464189
5.6559047917
-8.77349883315
29.1056498696
-21.7184977522
3.52645873048
6.76143210726
64.5048284304
2.57361154658
10.1396803601
8.78882776632
26.3229369149
-1.67583666628
-49.1950178603
-20.1496537232
-2.98756229971
86.2779973201
-7.24900422303
-1.98701236071
-23.1401711562
32.5169245566
8.71178625357
8.9114158747
-14.9737910505
27.3303753365
-14.819842612
8.76927334028
-21.4181614998
21.2440073381
0.665585794961
3.78737944807
7.21712657891
33.3573476313
1.91921685464
12.3038511175
36.0177989554
0.425898856613
13.9092603934
199.106838287
-27.2412080427
-25.5789182409
-9.11349676124
30.1777827973
1.05453406783
-1.14354887469
12.2070095169
-22.9951315174
6.27175520272
17.4757570071
-9.74836507393
1.47329619163
0.798729840088
-2.3169873714
8.70529112503
5.64163694364
-15.3803999971
-31.5096993754
8.30038899763
39.9975398917
-24.3530275722
11.9973097437
44.2422460951
-6.01662244681
-1.91930555585
-19.9196986917
18.2915072605
-6.52948795508
-37.5320200073
27.3892426913
-17.0830710596
31.9063175384
7.72786045547
-3.67029829789
36.8506563424
39.6224349568
10.1917622036
39.84478352
7.76069376827
6.0215971105
-1.78466213955
-69.0501296774
-4.16170351423
-4.06424659446
-41.5785108872
-22.1628115315
-22.5978761231
5.31048309326
-9.62771824457
-8.33470182647
65.8365753788
-8.68982249971
-2.554879898
70.6008487127
-1.9398572641
4.34350821329
-10.231642906
8.99289349029
6.98154945797
5.40812419964
-8.49344059493
22.2965056065
1.40409235368
-19.5091041875
8.27513884176
-3.14269463679
12.6958376051
42.4120196811
32.5169245566
-11.5574275167
7.18553338313
41.918220044
17.9331057843
-14.2419314002
24.5141633839
36.6881536185
-4.64052929017
35.2973506519
2.70129478936
2.68599024686
4.25367711061
30.2491499172
0.336108580493
38.2190690856
0.155703732663
-1.73203027901
13.3434087369
9.8910629138
-3.66939467418
-10.6001127669
-2.71490124143
-20.8162952611
-8.49006170531
13.3828317802
-3.94341189401
30.5063625756
-11.7722681758
-1.60693744016
-17.7383865835
50.3699465565
-46.5569696846
17.4986788168
1.49206806899
-2.11604199266
-0.665247008238
96.0425190113
39.0179774409
26.5442047236
49.9944988627
-22.9195984158
-26.8532444405
-8.16604410076
-30.8434732489
36.3367933508
28.0743066754
130.512628845
0.263912922231
4.28185956263
-8.86220963526
-2.6082420835
32.5595854793
-21.1373782717
-12.9910635834
-5.55676151469
104.550644877
-4.01579195972
9.54008695708
17.0791106125
-23.8060411232
-24.1916659054
29.2451036975
44.4291460233
-1.60693744016
-12.305410754
-8.5728588045
42.8387479753
0.22186928219
-27.9649194774
-28.8419827751
8.73192882618
-32.1258361605
1.95443291244
-7.94905572643
12.8861873233
26.5490080778
12.4575765031
-35.4059590506
5.95309715756
-19.8629715184
13.3081091057
19.4164230001
-3.81279671823
-6.52948795508
-1.47061099786
12.7567481986
5.92122555168
7.65806191949
41.0672673054
-14.0160890391
16.1703267841
-10.439842457
-3.56641071467
17.4691056485
-32.1258361605
-0.224471127538
21.2250709808
18.6233386465
-7.74395040323
-9.996504306
16.0728841098
86.2779973201
-21.5213765828
-10.2303871797
-0.151260198743
4.51129908124
-17.2995351267
-17.6156652216
46.8891140052
-22.4994432952
1.21875729304
-37.9306661161
-39.300072855
16.3627591032
-27.0307732575
1.49805071098
15.5471203327
-4.21942053417
-35.4239483131
-29.0702289733
40.1277928429
2.16647710987
-1.86949046373
-2.75954158698
-16.0528968993
-7.16384645746
-13.0184421422
-11.5094732183
-3.65472944324
-18.6310728824
9.18265998425
22.0694485798
40.0010478025
3.47574309524
-8.55561539285
-35.7954334907
-20.7849716957
39.9553104327
11.5036731417
26.90345609
-20.9131561518
15.796402549
-8.58345367608
-3.01127459748
32.4795948906
0.423855734314
-34.9533935652
32.5169245566
3.99042516563
9.96580062457
1.19796283592
53.0263945036
-26.3180332052
-13.4715239411
7.13157219456
19.3437986945
19.1537631614
-42.9019252551
-16.8500574712
7.5565015575
29.5203970774
26.8849992042
7.32022047493
-0.389955524334
-3.90444217975
-8.39602515316
-0.676173289333
13.4870273768
64.5524114361
11.1544884417
19.5124698437
4.4218055529
-26.7164342771
-36.498537756
27.4769190181
61.986673263
17.6347920265
8.76927334028
5.32776968107
15.787682051
-25.7844750377
29.0048292687
-2.64042374014
7.45482207013
-15.7895095317
0.799520235388
10.0371952321
27.8531946503
1.39609628382
1.15645670081
87.3038349566
18.4345465042
10.2300417392
82.1840137368
-22.7105536863
-29.1159469949
-0.270712868282
-18.1091320958
35.5055471449
235.548433579
10.1562256279
1.32478708141
4.12455414009
-1.79277498348
1.15802614871
-5.41726509584
6.17154554075
16.4634761967
30.9886728267
-5.9526255895
-0.665247008238
13.0595993041
-3.24550508499
9.64218622627
-20.8225551894
12.9844911489
16.1636183515
-9.82813777943
-42.1144878516
-21.923445134
2.85326227872
15.3034497004
13.1046323683
12.118979
-18.5372258099
55.826912225
9.06518121229
-2.69109959807
8.38945428236
10.7879446996
12.2070095169
-10.400323615
0.888453306834
-6.19102168501
-2.83654912748
14.2628481443
9.20970163054
-30.8434732489
15.2963661402
4.66381657641
-34.9884678823
20.6939793246
24.3904222181
-47.4488251575
-34.6825421189
6.11115533006
39.1712745926
8.71257873914
-13.9911915053
77.5566426922
-30.5444558905
-19.9196986917
-6.8179250509
99.7512230287
-27.5753400438
17.7593196425
166.324539104
76.4588589326
-63.1987008233
6.11115533006
-0.72441763594
-1.12585928129
-22.2642570677
-13.2448745571
-20.0453035576
11.1544884417
3.94689189515
-12.1312716519
-25.1090971487
4.471756123
-15.3994928412
22.1041645525
107.316218779
22.7673682815
14.4573521378
7.4797108842
-29.7152448079
-0.638775554615
21.9197591513
4.48785090982
59.7642069386
41.5618135177
42.6848526508
80.906768026
-10.7661566873
25.3843589237
-10.830095532
43.1786540263
-3.95749251116
7.17451249859
-4.04394137185
-2.56379997634
-15.7895095317
-0.496701181012
7.415849973
-13.0201066615
-8.2833083532
3.66602024201
18.7792427421
7.49731400811
24.0701067537
-2.37924754693
-1.10423657928
86.2779973201
0.296183372926
81.9319762673
-46.7133438476
0.991425103058
7.20224797124
1.53075907555
-0.253717600667
12.2533707843
-8.9471153664
68.5509074598
8.96942921659
-20.4100858596
-2.54577474505
-26.8442859177
46.1597044095
12.6308039378
-3.22911421634
13.1876297701
-25.0848355697
24.9273806377
51.6912049069
21.5292255771
35.8694086052
22.6707960962
-25.6402937093
45.200906846
9.13624875442
78.6243393593
-1.9974515936
-27.5599352075
-15.6243758936
7.65806191949
18.3536745201
-20.9606582522
-22.5494276869
8.64162680525
2.46744292163
-11.859327243
-2.98722721798
23.31428455
33.7024672498
25.7379199787
2.36003762284
-5.26545109967
-7.99879214753
21.2611663685
14.8823469436
-17.8319685009
47.2410272851
4.98481368244
15.6735005905
17.090142791
38.806867609
3.85021467718
-12.1788288115
-11.6795831922
-1.22719314513
28.8305141838
11.8942478359
6.20726001258
-11.6268844615
54.6795047945
58.7546096996
8.47869111652
32.0275456878
-35.4642075365
-11.3680133085
13.6836393973
-7.69508543257
52.409310021
-15.4454312007
8.69625010905
1.3258827423
8.76927334028
10.9579376557
163.848657465
10.0213727575
-5.36030561144
79.3162309382
1.67232172476
-9.22303781784
6.82181853143
-16.3493771043
-26.6751466391
3.0057709285
16.5813582524
-7.3254246091
40.0010478025
-48.2263771703
-10.1924259599
6.4742862981
-5.83570197316
-19.9599830919
6.18297204607
-14.8222404743
-6.3920809754
-4.82008723011
-55.1078869215
-8.54116580917
-14.8491010281
-3.4716114467
-15.5023578829
5.39401707782
51.0531542261
-19.7215417339
1.59094308333
-39.9972219832
42.2994828698
6.59839975712
-3.02747270677
9.8910629138
27.6974004301
-6.87759956896
4.64014331126
23.3241677606
48.8461389637
9.25316847461
43.8242350809
18.8668559578
44.2411741997
-5.01577394944
2.10813676296
28.1004394782
80.3198390461
9.08164604231
-6.40779157687
-14.0108147404
12.0350006702
-5.64272015659
32.4663305345
19.9779929691
-2.44635136732
12.6958376051
-22.8602286338
-4.28925885678
-26.1558553742
-7.43909477108
-9.15565647874
-13.7593202028
-17.7764456827
-24.1415198826
-48.4383544193
-30.8434732489
24.8494145672
17.3641332221
-7.07046642731
-19.9527264245
6.53345502035
-12.9019043493
48.329871814
-3.33182669307
27.3082854033
26.7869221628
-13.6769846883
3.35346977639
-15.1498526899
-10.6334799185
13.5129448122
-5.29448070882
28.6985667007
38.297530631
3.25163259133
35.0061093627
5.44528941685
10.0500159481
4.36905507059
36.3367933508
2.57005836836
-11.3729555756
13.5652319594
-17.1174438303
28.1464578215
-14.3878102817
-3.49174455232
80.4042807647
9.53727809646
16.6033435086
-23.1426827214
98.8582829414
-1.38129170572
5.84605811233
-14.8719977233
-18.3392842573
5.52098245346
8.76927334028
-35.4478273048
-2.08783144746
109.983497878
19.4036609964
-6.85359735219
12.9976959908
89.4150672636
14.8750711702
-3.62813294187
14.1255658432
-9.05197796457
-23.8234435376
-16.1518321867
-5.54287906299
-5.53864788217
24.5113784012
1.53075907555
12.124631663
5.21464140306
2.51811696071
6.55577195913
-0.0180359731571
-18.562983702
-35.555229867
7.50794523353
8.95790559866
-0.665247008238
-4.98548318212
-4.44410325765
9.83653379662
-2.19454704637
-9.02989917218
22.4705811886
2.01328617168
-20.4661059258
-3.96026658882
-16.297816649
52.8658299395
15.5042406589
-12.0733141346
-4.1810955048
-8.81162260069
61.1360974785
-1.69219322436
10.5225805101
-1.16273030697
-6.95503565065
-8.20160249584
-12.3740410493
14.2628481443
-4.47013450341
87.9831875335
50.3614890022
10.9864268958
0.194792656699
13.7433989665
-27.6525711565
6.17043637651
5.53829249977
4.21435526942
22.1923702064
-32.3894893558
42.2095669822
-1.83092238931
-15.2716430034
17.9331057843
18.2190890263
-5.92389355128
32.1586828897
-19.6997732712
25.1869781847
22.7826948771
-12.7267540019
15.6616121077
8.34501638757
-4.88215758335
12.3087584616
-27.0551416867
0.170530230446
7.50455730358
-20.1876033898
-14.2077343344
3.97617628181
-30.3794917768
41.874942927
-3.10967172049
0.385789242841
-3.90169187526
-7.48547446233
6.09885698007
7.80153479285
15.146307337
21.0800418385
-1.61781325839
-32.5838275095
22.4705811886
-17.5775002964
-2.86630408368
-6.28821728775
1.33613769755
-21.0663419419
55.4432829645
18.5534424117
-21.5213765828
18.7792427421
26.6530789911
4.36942464931
-0.665247008238
-0.530323035563
31.1489298962
46.3530979556
-40.3720191567
8.76927334028
8.71178625357
-1.18941191864
21.2416565356
1.71577920677
11.8049531162
18.5077473738
-9.444968495
16.8026569529
29.597019692
19.2619124513
-5.59425630033
-1.57333075487
1.28474151305
-8.07793348994
-4.06501989589
44.1878919018
1.56734293426
-2.24973311058
-13.4661501928
2.20846464346
44.9486463235
-34.9533935652
18.7792427421
99.6433194321
18.4245094585
8.71897962128
0.611999021823
22.7183734255
8.45056162399
-43.2584357779
25.0038749007
8.71178625357
-21.7472319247
-4.07732616841
105.234131679
-4.69484567773
-42.4036564931
10.6377744447
-27.6434286452
10.0049987633
-0.445529247376
3.79282759337
4.46711069604
9.8910629138
16.584854901
-7.89299038004
6.29883392481
12.1665241096
-54.5382520338
-23.7599270471
-9.995970941
42.4614237676
6.16874278547
-4.7459612308
-14.8222404743
-25.6925046155
-15.6895918486
-2.82737246953
1.47329619163
11.5899546372
44.2379846356
29.221908212
-15.7895095317
25.8211943734
9.74820841685
22.2074030877
28.5972449141
57.4912315765
9.25316847461
49.2405164499
9.91895382587
17.229603748
-8.5159881555
-1.86014181838
29.7870032433
-5.22734071752
5.01741533807
47.2410272851
8.76927334028
166.601064637
1.65004212104
38.2227821741
-2.74932823246
-37.8195827049
1.0510957082
-16.887172221
40.6379467169
8.71178625357
19.0546595031
-26.9166276951
-35.0702490209
35.3506001995
8.34501638757
-10.0940466
17.4968955715
0.681521552971
8.69862679639
1.7161531034
-3.42309939711
-8.63283897096
32.3767067703
-1.24151119098
12.1501205643
-3.89618587495
17.9331057843
-17.5639192166
-14.6756911636
2.58508967231
-22.2103598061
-17.4328997445
12.2070095169
35.9468988955
8.36899226084
-44.8639953463
-5.76622703609
-15.7624200878
-4.10854572238
36.0470900108
-17.994596351
-0.365258974864
-10.8967249088
15.6735005905
-12.460139076
-2.64878328756
-17.1318793998
-22.8088501806
-34.5179594345
14.856199178
-21.8997144606
29.1814205143
21.1772460291
12.8478463842
-14.7855205725
18.2395599177
45.733293076
-1.31284781485
-9.02089036609
21.837590252
-7.26664290997
22.8606439667
33.4180976302
-4.809685647
31.0303050569
20.7560742375
-21.4131002016
-6.11091309079
6.64546755234
20.1685748624
62.9051168898
0.811070192116
-15.7895095317
11.0416872975
-14.8222404743
1.35316871111
1.9677508034
5.88311731507
-49.5202650259
-14.2077343344
36.5661514026
-8.63283897096
28.9041139518
-0.596088258202
-12.3572710576
11.9063612772
-0.852438108243
27.1923690031
7.5565015575
-5.36485392605
5.77122686736
-15.868184258
-38.089438663
-5.3426951772
3.28017376537
43.4745110042
22.5272025874
-11.4717429189
3.42370330276
9.25316847461
0.872809962411
-18.1849796432
18.9404911347
4.13898245209
-10.2628198185
8.73139517336
-1.44984696172
-18.2215691072
55.6349306515
-21.9691339864
17.5577860346
-17.1089460587
58.7783273355
26.596165247
27.6988846043
4.10615053145
9.70692528367
-9.59039258428
27.1218317027
-1.67583666628
32.5169245566
-0.0150108050865
86.5860549407
3.37252923429
-4.96309943793
-6.04297585587
3.57404737592
-31.6998880596
28.9041139518
-12.3625720367
8.3430644544
-18.6163068961
-4.17837457595
-4.37170035496
26.1648249968
17.9331057843
-24.632441346
19.3919006112
32.2564972381
-23.236077976
-2.31166571761
27.5427856145
-29.4321155601
8.71178625357
297.582853673
45.200906846
6.82812746426
21.666210982
-5.70444890583
-12.8827408788
-25.6115804874
-12.1481040872
-14.615885594
22.4705811886
13.4924818874
84.5671595467
0.496995853901
-26.4403306604
13.1602426472
-8.03367822364
33.9261131817
29.1002172067
12.9212692866
13.908470385
-20.9069040862
-2.62627594398
-13.5282102247
26.2653697887
-5.04580518117
47.9204102538
-9.9191702011
84.4611260192
-0.304340405427
-8.36927771548
9.03285529206
11.3754925845
-13.3900247703
4.38807967618
5.56119038743
14.5268490968
8.71178625357
8.9114158747
-4.29225181675
-18.0823251768
-15.7306118861
-15.8916577954
-40.7299113336
0.797479208358
-6.11432713955
7.07904275692
43.7538483719
3.88075992827
7.75433393563
32.1586127192
35.9178387066
-4.7150408704
-9.09106865121
-1.31309455913
-22.5241322005
57.4083317081
-12.9748386392
-11.3223463479
14.6007739404
-2.35648216132
-4.91272650716
9.33278952556
1.47922005284
10.6973341801
5.07110753367
-27.7587804975
4.60196586189
-13.0779235731
8.71178625357
-27.8386279744
-6.05613941845
-7.39717752368
14.8087458397
5.10034683889
94.0017747468
9.32283131138
8.97010818539
36.3367933508
-5.58539462368
-1.56786147565
-6.98502524383
301.145307322
20.546647621
32.6931590975
14.3337018001
-25.6683582284
-6.10466870929
22.8867880976
23.9979727592
4.92790879876
30.0921599662
78.3184089046
-21.7380317166
-27.2950924223
-1.47061099786
-18.8455387534
5.42775673442
-14.0718822225
41.4432595252
-6.40952147857
0.194191322828
-1.252225619
-15.7895095317
-5.02621701582
12.3864478666
-19.2870684788
220.3300498
-9.79460144108
-1.51546268936
-40.4762186398
7.4797108842
-37.3736485715
31.6309765219
28.0629450252
5.67465494425
-25.7953085531
-11.859327243
32.5169245566
-30.640644285
24.9123445368
4.72082546803
-21.0170287277
22.4705811886
20.4486672348
-18.4400919789
-4.18031302302
39.9975398917
26.282134199
-38.2184133535
-13.1664303346
-23.2632797065
2.78367449733
1.67232172476
-21.5213765828
-15.4492433197
26.596165247
42.5943311424
-16.4689144227
-24.4236184466
1.82536400569
12.3950855012
-8.63283897096
-1.41720888225
0.687025284616
-12.9718313223
-48.3330682762
-23.4663319469
1.62914235798
-0.940245798874
0.184088496582
-27.0586335296
-0.680853523274
-24.7268605716
-15.7534329374
47.2410272851
27.729872406
-0.0182333421062
-1.32762484481
-32.9467649671
-15.5540394662
-15.4276040908
13.6577727416
29.4580180526
-20.6851201102
8.16181796197
-11.3059927775
8.76927334028
17.5853708401
28.347847304
7.88876388856
-4.82758118629
24.2951512358
10.7317222833
86.2779973201
10.8470866853
-8.73771442503
13.9976119723
-8.50200493978
-18.0969849639
-27.4521117908
13.4792391111
-10.0510023436
65.2062564012
-7.49938441231
-14.8903989087
14.2327823844
9.30159208525
-14.0685853417
67.7191546195
-4.35014415745
46.5201517149
42.1802998964
27.8759302261
-0.126105696604
-11.2099622945
47.1198645491
12.4190354712
-8.4483034627
-10.7173127506
-14.487913124
8.71178625357
50.3463001001
44.2379846356
-15.8429471711
-15.7360226712
-5.72559692411
-5.18347066248
-1.56171643815
59.2367631899
15.9254971701
19.4208326506
-2.57521356471
-1.85637863645
-20.7481461477
6.03136652222
21.6417481574
-0.338386541279
13.1602426472
16.7315408219
-39.117467041
-5.97183160516
8.89153182372
-0.665247008238
-0.665247008238
16.915999562
-16.802121021
1.04639748979
9.20269134814
-29.3068105213
-0.973401393012
-18.1091320958
-8.45593348556
-1.27278146318
-8.36908315797
8.37548139848
-2.85183714103
8.15257946624
-14.82399007
-34.098079722
-2.51591324539
-8.56811155856
-5.8024816144
37.4064524477
-25.7118765754
-0.0180359731571
5.54900868347
100.963925215
17.8010285945
-6.88518236699
88.3071020078
15.5049395051
13.4764564709
6.2170955303
-7.28435567691
-11.4095981225
-30.8899001367
10.5875150853
9.23066240531
-3.27822951736
9.89113973931
5.35540077128
-10.7099755809
-15.6523450199
4.45367022817
-15.2128516917
-9.0653570501
-2.23487629952
3.17493346921
12.9647155779
-0.857696284974
8.26493583981
2.0828378239
-28.0845816411
11.8938449367
-21.6906974625
6.5402366875
-16.5815803526
-40.2847322003
-49.4673610559
17.9485548143
9.76461524856
7.69789667494
35.2309594561
10.9248663293
9.05581813791
14.9349838142
7.44975330079
19.0159352817
2.37837429021
-1.92573215298
14.856199178
-3.77741918139
-2.0792228693
19.751439877
-9.32996810202
-2.98722721798
-38.8709212358
4.21435526942
3.61235382163
32.239732561
-24.4813914203
-8.37158774685
11.6617693351
-21.5213765828
32.5169245566
-6.52566575706
4.39402987917
-1.83863149079
-0.304707174067
5.23296558677
80.906768026
-14.3189571456
116.012541718
13.5652319594
5.8305247767
11.4830878715
48.7060905968
-16.1289283132
-27.2794982889
-29.0826982807
-14.7460109633
-12.0013934496
-8.87584878475
91.0117539912
8.86514177479
13.7856406174
-13.718316697
14.3068845865
20.5455977263
-29.5484594411
-5.29120020797
11.2474473471
-4.79449747882
57.1913159638
-1.72134765546
-19.7205563376
1.98911306561
-21.2054468471
-22.1091533181
17.9730040234
0.334234977645
-2.94379608624
-5.66010606045
-4.17004284483
-0.619270247412
76.6945590817
53.0292349844
49.2405494583
18.4617796375
-11.9383959504
-2.00585838905
10.4676312737
-3.02541116937
17.6866937707
28.9424973067
-3.53652928438
-12.8462212847
103.648453161
-12.2355519622
45.200906846
21.0613585777
-17.734455342
2.85115914244
3.1686978433
-9.02055582742
-31.558312791
1.47329619163
3.80554198989
-14.4934615571
-9.58089087487
-9.92526607242
24.8900891772
-38.1926969969
54.7134027048
26.7085099927
-8.27566564757
12.8478463842
30.9352722907
4.21435526942
-9.51783796357
-14.5198271606
-21.0030645207
60.9817684999
8.5520955539
-13.6205591697
86.2779973201
-31.261257213
2.57261911324
-16.3907325444
-1.26379295924
-12.9761017852
12.8918371585
-27.2841773191
-10.845860063
3.62581705854
25.6647008018
1.49390721702
22.7052231773
-13.8633208519
-15.7895095317
-11.3202206658
-16.6833232144
-19.1740652249
-5.63991423098
-11.8343820521
-31.1856840515
-33.6277712577
-6.85769352585
11.9554519697
6.64074552476
13.2377746096
-6.88753090951
6.1701600205
8.77186069984
26.3084177678
175.550125106
21.5153800184
55.0316695814
53.6617278097
-24.5697454131
60.8029388509
8.30013730775
47.4720890479
76.6523844373
33.0012685721
12.2070095169
-0.665247008238
-10.2237105421
17.5491851603
39.9354497549
34.4747043433
47.2410272851
-16.978545004
13.826338095
-7.69508543257
-2.50409925864
-11.4057559188
8.64520644139
19.0803922902
27.0756677527
-7.69508543257
39.9228996172
22.4592577358
101.86104294
8.73192882618
-6.047694689
-16.8549751211
-23.6533547045
8.73192882618
-15.5993603035
55.9455534642
-3.62813294187
3.30404708593
111.124040353
-22.2741041998
-3.91552167987
-4.82758118629
143.212623367
25.0280335664
23.934291667
22.3678014521
43.4539636301
-3.06613061631
30.7771008315
-1.35386033638
-12.7572207196
-6.43349225092
-14.9559974098
38.1351506019
-15.1765366788
8.71178625357
-48.9721360736
8.90426083983
-9.18103720043
7.57445682525
-0.148470645847
-13.1822972606
-29.6810266416
16.9083083525
8.57674443881
-30.8434732489
84.1342735931
-15.7895095317
30.1777827973
-9.84565647472
26.596165247
9.28783818978
-16.9282450863
41.2531400988
2.89708933031
-1.91132406491
28.9041139518
-21.5213765828
14.0000348161
9.60340405421
10.6099547693
54.6795047945
20.2258244203
23.1228506309
12.4207791133
-12.4340789922
-24.0059763475
3.24588426425
-0.0180359731571
9.05552765363
-4.9636765542
8.62507202426
-26.2568293024
79.9289541406
13.3070368792
-16.2914522896
-0.555544779128
9.95798074542
-5.2215318808
1.85510953188
-17.8619144197
8.71178625357
-17.0124238762
-29.7873682044
-7.69508543257
-1.86256676594
89.3339939505
27.3592365513
-0.0537275578673
19.9511388473
-24.244881888
-1.46232118983
-7.77409092757
-23.3636502999
-34.1710839318
5.40604663364
-3.37734246416
-24.6899351071
20.9672802757
-13.9327833981
8.04181885264
-25.3299749668
23.6080925186
-13.7593202028
16.7041034141
39.1712745926
-17.1061565994
46.8697238509
-7.9291094506
-3.95391204998
-2.65781415253
-21.5652811256
-17.0463565537
4.24214820106
-20.348292589
-21.0984394674
55.8880746021
59.848157377
8.51726159669
36.8258442547
95.8681536832
16.1285292877
18.253348544
12.1461065053
-36.8135156923
74.3283400978
-5.02621701582
32.5169245566
-4.77412658344
-3.33266850879
14.0651448374
85.7258358395
1.32134204692
-16.3362863854
-11.2515991172
109.974657255
37.7140493454
9.20269134814
-3.23221807791
-25.6748831096
3.247257993
19.1537631614
2.36610666161
-14.739942988
-11.4648142338
-15.7728941027
14.3542349689
28.6747961814
-12.2062548933
6.530036019
-58.7623562897
-5.62794140166
18.2861450384
-11.609692724
-30.8434732489
68.8482638205
23.547916739
-29.6208996384
-19.3419218185
-8.62658895281
9.06518121229
4.10148470796
12.6958376051
7.99280671211
13.908470385
0.656029390853
12.088480364
17.9331057843
14.3890731394
-2.50523427173
-13.5823154378
1.66925769267
-12.7485767424
-2.0515563563
-15.7800451905
149.76078822
7.4390107832
1.16892377421
3.89135028935
-1.98031652614
59.5021515723
-0.665247008238
-6.2808885461
42.7703301385
-10.5442823265
0.294437520779
-9.41556195283
-38.6471624601
-8.84850361603
-3.99984159985
-38.4641589088
21.337494819
-5.2047460647
1.82536400569
26.3178459781
-8.74616057352
14.2628481443
-0.356632962995
2.62704292969
13.6836393973
-11.1939242967
-35.5110242027
10.1890505012
9.5680811782
-4.69494135349
32.5169245566
26.3034298652
-3.4716114467
-0.857696284974
-5.1982282333
95.9845980197
15.8241026469
32.5169245566
2.41347355714
-14.620974998
-0.91205106363
1.52805702344
18.7988556888
19.2803923538
6.52053029771
-21.5051294052
-3.96282768654
-2.44635136732
35.944982431
178.057491645
-0.936088643971
111.124040353
46.1597044095
-3.74533421158
-19.9814640314
-14.8222404743
6.87422025293
4.92380350506
12.1022342743
5.95309715756
-20.0726970131
-2.41375450147
7.32022047493
28.5214579224
77.3017900826
4.8035441551
27.2169881714
-5.94592908995
66.5707692837
-0.447644688275
62.7637315461
14.2475251329
2.82038894926
101.205883715
10.4806848845
17.6660054373
19.3048242274
17.3080193761
13.5254319906
70.7719458792
32.5169245566
4.26801194741
37.6373029566
-1.54855947138
-2.07912271581
-2.27624033619
-15.2332303933
-33.033109589
-0.0537275578673
-39.6383463549
26.596165247
-7.58612750246
-4.30939910647
256.834626642
2.88548873431
-7.78308121568
8.06586750392
22.133787929
-31.1388001371
20.6737672903
2.95986621328
10.1283964704
-4.06424659446
-18.3972799041
-13.8360127786
3.10596612638
-18.9623715904
-9.04039128284
-0.852438108243
69.4796522849
-5.26842132329
-36.2291843993
14.985555716
-17.8744719895
1.00684274016
-4.91272650716
-4.32037944517
16.584854901
22.0587718505
17.3461035309
9.80467032798
8.68992450043
-2.66791570492
38.2227821741
-5.23026437651
6.8702673397
31.1623466581
-22.3799092362
0.858818115799
-0.589114819653
-18.6141729147
2.4471940954
12.2070095169
-3.9153680099
-26.4676231937
14.3448714127
-10.8669756183
15.1747646895
-3.11702599127
-9.89530981414
9.60340405421
-1.11829435661
11.5245871807
-4.82758118629
29.9613423382
-1.75069205084
3.14086284972
15.5855119439
2.14541235234
20.0934105226
-11.859327243
1.09737630404
32.775003215
-11.4228969763
-5.32261328042
-14.9737910505
-22.8025577601
-1.70545220822
5.40672959483
0.281075666945
-10.3243708738
-11.4423149398
13.3181802602
-5.7588960828
11.0822152789
1.61024892578
-30.8434732489
7.94856237057
38.2536353978
-29.1909249172
11.6569796287
-7.07046642731
-15.263986444
1.47329619163
86.2779973201
8.57263714559
-3.35149533877
-4.96309943793
-31.1477183054
114.68901374
7.4797108842
-2.18826505275
3.63673470973
-31.5257963761
-7.30402717049
27.8242569736
-11.3633464977
22.9135373112
2.05197660574
-34.4533627439
27.1309843668
5.92321011361
0.184088496582
-21.5213765828
184.75283584
10.0361587602
11.7071603147
14.8135880238
19.5258212444
6.24994720304
32.7403944988
-12.4082044437
39.4048139129
17.9331057843
-3.52627285826
-3.84789104297
1.72634884181
-3.62294647322
13.908470385
22.7673682815
3.87688622537
17.9331057843
14.1246316348
-1.56195811915
-28.9033840704
-0.915887518326
-5.61373029874
-11.0084007405
39.1725169612
-9.99617929494
-17.8467793898
26.8398972233
-11.859327243
-29.0851403189
-14.1159025468
20.3158537874
-26.4240369022
2.57361154658
41.2080062498
-32.7114664208
29.4777790198
-12.9796064093
-18.1091320958
12.9470598636
11.5508275426
1.60746565647
-16.6609845272
-24.1820105257
-3.96282768654
15.0929669225
-14.8017307766
-21.7967275751
-24.0165439669
13.2189861172
64.8718215583
-20.5993030689
22.1462850934
-7.45984624412
-35.1003106721
-3.89229852165
4.21435526942
-21.2824510244
7.65806191949
19.114059847
8.56698378936
-10.028795958
-16.3305990046
16.4524392253
2.30827614016
1.84297334598
-29.4321155601
3.71870626412
-0.211265233564
-1.86647987701
7.94684869149
-4.86259158531
-22.1142471764
-18.4934429458
9.84828414737
-8.40243527736
-19.9294056096
1.35759553807
-15.5510421094
-11.5745338295
5.54601513922
-10.1083784661
-6.71314554648
59.4643466886
13.857928267
-16.6725315539
0.994377892382
8.76927334028
-6.02559423543
13.2189861172
-0.69727770705
11.0280893777
-4.68497039427
13.7533428444
-2.69873428243
49.7108926311
46.7337027748
-1.98824793197
8.76927334028
-2.7018044488
9.48946862775
24.8395558671
-27.5362988143
3.70692889658
-25.25168444
16.6563192306
-6.55647900251
-6.52948795508
10.3312657852
30.6454718901
16.584854901
-19.2870684788
26.7979787771
52.1016730712
-1.12585928129
12.3255071705
20.5230718379
-4.32546547265
5.71644911083
-5.45075690699
-23.7435223441
2.19868850983
1.65004212104
5.0184980598
46.0570869865
6.38246602266
7.10469568401
-25.336204278
64.990339737
18.3870862851
-8.16598647826
-6.48811715897
7.46213050969
-12.3381870816
-5.97183160516
-5.39629730117
28.6208141086
3.07677615222
-9.1064670721
7.4148065152
-9.4435509524
8.71178625357
15.6735005905
-10.5400668717
-22.390245387
11.5804128024
22.9500895948
7.89361476779
-16.0287092618
-27.1740930616
27.7483606373
-31.260822454
11.5947472965
21.4370669354
15.0262415684
6.08449546767
-14.1151322133
17.3367222157
-2.26266519665
-2.91010231682
9.90092161979
-22.120962883
-10.7661566873
-1.41865247765
13.9319633805
47.2410272851
-29.6461413426
-19.4530904847
10.3398772096
8.80694667854
-48.4747791318
-16.4376542199
14.1162100687
-0.0180359731571
38.8517191891
-18.1289768017
-13.072596591
36.5292073267
1.0174732127
4.45857971513
4.55756512959
116.871722455
-21.8971771187
33.0332567945
-12.1820368745
25.8569310832
-11.3735938816
9.83653379662
9.23489025116
41.0363919548
-35.9509438097
77.5181339396
16.7041034141
70.4172441573
-11.859327243
7.31479171522
18.0274661459
62.8362052153
-49.200594389
-9.37294887258
-8.21430618365
-5.23948504801
33.4097938909
7.88876388856
-8.99266494838
13.7852506777
8.02039762497
-19.387194143
-1.81689258903
0.496995853901
-27.4910427664
10.6793723306
59.5354713258
21.0871289248
23.1064304704
-23.5151713734
19.0217559601
6.99959721402
-27.1296767321
-8.31026293225
15.0080341848
-10.0380044622
14.4063852416
-15.5700215981
-6.99448146394
-4.3524584938
-9.1064670721
0.194024273781
26.8470458795
-22.2720207306
-7.12715283264
-4.2824099446
-18.2619908368
-13.8634907934
-2.07653604229
18.2652838464
-19.9197720233
-0.596088258202
15.0027383294
0.382569382824
27.0756677527
36.4691662589
-5.49266658736
2.19868850983
2.00585158094
-43.3905847815
50.3787020441
6.68546361913
8.9114158747
-37.0870616307
-18.1091320958
-3.90169187526
110.981734893
24.4690391748
24.6466706661
16.7530358084
4.56373872935
-23.0948196422
63.3120318119
-27.2176845618
13.9273893
18.4536679612
-1.40927732752
5.78023359831
2.27546876122
28.6281511378
81.3575865108
17.9484530299
13.9521024719
-6.23973531208
15.0483069165
10.400532704
4.43725964051
-16.1701018205
82.3098653204
4.73007110245
26.5980882648
13.9521024719
-23.0995721766
-18.861817355
-18.2164344026
93.0337542801
10.6018621891
10.3406927942
13.5129448122
2.68431537428
57.1891478761
43.3251331147
-3.41709968717
11.1544884417
-24.9768744563
12.2875600662
47.9204102538
13.6536950727
-28.4672615416
-16.6533475458
-3.66977483551
29.5813519423
12.8338020738
-10.7143734443
31.3982631941
8.9114158747
-11.859327243
-7.42854136688
7.90590927094
-12.2857998596
-10.8285527121
2.88228614119
-8.4483034627
-14.3568164441
112.264781727
-6.18483303318
128.856822692
29.8131004763
10.1435110938
-3.53652928438
-5.4938791181
4.38002650921
-0.0114245086488
7.72874939571
-27.5651707967
29.9878746733
13.953721074
-0.549484770622
-27.1159178544
1.49206806899
-5.94978818789
-9.92526607242
8.71897962128
-17.0007975462
-4.94766954519
-20.2008206007
-8.67368846496
-1.47449533535
-5.17567968093
3.55606209601
0.557148975127
7.21501184977
-31.8394085304
-4.52863227372
8.4777997644
-17.4348481995
-24.9249620297
36.4998081573
6.48104160555
8.33876960026
9.20755001863
-22.0910004924
13.3070368792
-8.09374875977
-23.0973008029
-28.4075063617
6.70359171774
22.3574745533
8.76927334028
-1.7302332947
3.58961170779
46.5201517149
7.18553338313
43.99733358
2.12592898268
-2.29641667175
3.34426922631
-27.1281689526
-11.276999357
-4.10611883545
-7.69508543257
-21.5627902966
-0.665247008238
26.596165247
34.7022262959
-7.61190974898
95.5016133279
-28.5118141235
0.184088496582
2.39862147557
-7.28435567691
-1.07957974622
4.50317579574
4.36905507059
-0.852438108243
-5.22570937392
0.180995427271
16.7670629617
-20.7877230763
11.6907384415
-25.2871977449
23.1964284252
101.083136003
7.6161045845
6.18399026369
-15.7143492328
-26.0997078664
14.8135880238
-1.86702110211
-10.1470937581
11.9262677396
-13.8501146325
-16.6037932062
-7.69508543257
-4.31246082465
0.673049899011
-10.2610855305
-7.69508543257
-8.27258925626
-21.8763940801
33.1563237708
21.2536142561
-19.8956877529
0.861585504974
10.4816850566
4.41439069784
-4.40712306737
-3.12256585948
-12.4470261872
7.17353777633
8.46351540737
4.50317579574
31.0563315892
-2.09729268673
-21.442369993
9.22709989962
-33.187505897
11.6175345781
43.7538483719
15.5542687261
12.3462751978
58.6876790732
4.91730794514
-4.26306512443
-6.01330624209
-14.8222404743
-2.05190741271
-5.48795372476
-14.9226382628
-30.9627486164
-16.4147017889
66.2706300279
30.0893812067
2.88548873431
15.5757973294
13.9408468001
5.77221837483
69.0436678062
12.2070095169
11.7879266364
28.8219456751
-20.7286632149
30.1777827973
-28.1498148693
14.098773374
24.8921349973
4.21253385005
29.6369609832
-18.3358821982
25.4220586287
11.4969849654
-10.295666747
18.6028451056
12.2070095169
20.683982243
30.1777827973
24.2951512358
13.5254319906
26.596165247
1.14542737926
-3.64466503965
11.2166276723
69.8916999517
15.8578722073
-18.7617083038
17.6883629921
18.8391391631
34.06337893
17.9331057843
-23.3048553683
-2.65781415253
-6.77626790699
-8.24144518867
-0.665247008238
-27.8539633971
9.58542161205
14.1038926432
-27.5674764612
-13.315139866
18.7561854283
-0.916226262585
-14.9046908042
25.842291842
10.7039926164
21.4370669354
-20.4446983257
7.32529351592
8.54040727956
25.6729563594
37.8710119088
19.7671087918
75.4226102943
1.84160891954
-20.1852624351
-17.4673548602
6.38273750076
20.4055574826
15.0890489815
-2.02434219906
-7.19609025138
5.48224932503
2.70776711909
20.7139051823
37.2295611446
13.6626118191
-24.0374310023
-3.96282768654
9.76657058811
-5.44800209447
-10.6187734749
6.25359826425
16.7879349622
26.7222008006
-12.1788288115
-6.99609882439
103.672792684
-14.8222404743
-4.78358610563
2.35663644375
-7.53536475686
28.9100140853
6.8702673397
-2.3683627314
-3.78457685067
12.2070095169
3.32103573822
-0.250505355226
16.6606508379
-3.59216999622
-3.96282768654
33.7610102498
34.5299702373
-21.5471496116
1.11760583693
11.2721933972
-16.7622006629
0.0928811581092
-0.656398679183
-28.9286818294
-12.4340789922
50.5275327798
-22.5705220952
-5.73051376514
25.8895309695
-21.1269245287
-3.27503597835
2.50331523197
-1.70662664509
9.35888105852
22.417406746
73.5021426586
7.1994779361
-30.8892013354
38.2508240538
28.8305141838
10.7604682418
-0.211520228903
-10.5445434188
7.4888655785
8.58978201147
4.55304703751
23.7299239515
14.9153869377
12.8838007131
-16.4700690991
-3.46465512611
5.83627025524
8.73569530392
-12.9910635834
-10.72562935
-3.12175521322
20.1175222626
-9.94676220661
-3.96282768654
4.06738102785
-33.8190144354
7.04475602794
77.2222286494
4.59189140136
5.36850661014
30.1777827973
30.1326881643
13.6577727416
-37.3736485715
8.18862423705
4.12174125485
32.3351453409
-23.8425774236
-24.28932167
-3.7986707307
-8.87723058159
-14.0738575965
34.5473423192
36.3367933508
-17.6767723743
26.5980882648
-5.15080965605
8.71178625357
92.7182799927
-3.2331358081
-7.86058288895
-1.52578346472
39.2719072574
-31.4366731171
-8.34142745854
53.0263945036
-5.63332287395
-2.64878328756
-10.707810744
48.7060905968
22.7518177725
-0.48161446504
33.6599066216
0.843456656683
8.71178625357
12.8478463842
-33.7473509841
19.4399465254
-11.3603990972
13.6836393973
-1.60693744016
-37.7645218641
19.3980956103
-1.48951374374
38.7887201492
-19.0936259781
3.35065610712
-4.45845193735
10.1470976272
-22.419832424
-4.29041306875
41.0363919548
25.8166498437
-14.6777732999
10.3239756344
-8.63283897096
55.1389841687
1.94507341143
15.1747646895
176.32865543
-9.03346070067
30.4649076161
6.71389720982
3.52261250917
6.45302605924
19.59656261
18.4712759173
32.1846538933
-2.11604199266
-12.2580840735
-31.8020823943
-12.268867345
42.2682449868
8.8664036415
-5.29448070882
8.71178625357
-15.273955387
63.1711275519
90.725729612
-13.0306050537
35.6230141957
5.25143939485
32.5627059937
24.4684229578
-15.542713174
17.2539615341
31.9028578117
-15.2649377116
22.1680708489
-37.8195827049
46.7072570478
21.8649382322
-1.7321193414
-33.5839913244
-12.0107886792
-1.92573215298
11.6188066429
-18.5372258099
-27.8810076822
-18.9621619698
-30.4464246424
5.89269861408
56.6687380415
-23.0877785993
-18.6203676134
20.6483061438
74.9663277436
2.01328617168
27.6804259811
-11.0694242613
1.53075907555
45.200906846
28.347847304
15.0551856298
-19.5352615978
-24.0635480106
111.124040353
12.3260614273
-5.09894534662
25.7787543938
62.6121076409
8.9114158747
-7.03062542844
-17.1856355496
9.31602743892
-2.29372914355
38.0775341192
19.7923919878
26.596165247
-11.4143188714
115.152209776
7.57018333812
26.596165247
4.12198338585
-28.6464835501
19.1988983619
8.85754987148
-7.28488238103
40.5519775702
31.7666735262
-22.2996227772
18.2563772386
-2.69873428243
-1.48464838944
64.4899392822
-25.6680172444
-5.46361489971
-27.4843167892
50.7408620241
-7.69508543257
-6.89438052557
24.7973665075
7.16905331351
-11.646689538
-2.74796743893
1.49206806899
20.27704008
14.6280662055
3.3504927946
8.71178625357
29.5595715539
50.7035664413
-19.6295979122
-8.23376832506
-4.30655733446
5.43287498777
-5.29448070882
27.7869139943
-3.96282768654
9.74310221887
-2.14618926981
13.6836393973
3.99299849517
-0.366694252198
-15.4276040908
-8.02986342259
-24.7631781038
-0.985908035635
11.6911952139
-26.1558553742
-7.73139297448
-29.9354028629
-2.64878328756
-14.7247402935
1.33432206905
12.2070095169
-6.8955770139
6.9496286538
31.7802550566
-2.49636526152
12.3130123939
12.2070095169
9.60340405421
44.2838861532
17.9331057843
-18.5372258099
2.19152070489
20.1009371609
-7.66242374617
-19.1607610984
-24.1740242595
65.7362412004
-17.8055107341
20.1615623846
-14.985038003
12.6209608472
-1.03468114008
-27.308096364
10.8799259536
-13.1965297783
5.57329253604
14.0942062059
-17.3270598673
-28.4757650159
23.0361952183
-7.69508543257
98.9854316482
3.24588426425
-7.69508543257
29.6369609832
-3.3798751074
8.69289581577
-18.0049907999
47.2048908514
-7.36741084601
-27.9360543025
4.7719067413
11.0170034204
-11.3778856505
8.71178625357
-11.624965411
-9.25988401487
-7.69508543257
-5.6145983358
11.1916111525
105.125846925
10.4221948863
10.4913269777
-23.4811983358
14.4633182577
29.9086409216
-11.7102381216
-17.4987145457
0.814607879802
19.4771965597
-36.4446162218
18.1774063717
-13.5147859368
-9.39242936898
-4.49015212025
-21.6441738693
-8.93229819132
-27.3772368428
14.1607522055
6.11048148151
93.9509077726
43.9796155615
3.0057709285
-43.1166191782
27.1579360523
9.87770641529
34.154672772
23.1930846568
-27.8365286196
9.47084879741
16.0388432031
25.4801658481
1.35759553807
1.75876375643
-6.95984721021
-14.7460109633
43.1865412927
10.9798273258
18.5488069944
-2.64878328756
53.3500610715
-24.9628727918
10.2581448739
-4.93079101929
26.6609380707
-11.9137256508
-4.67081381023
-31.188603229
32.8266604452
-1.92418278669
-12.9910635834
1.55704916389
-7.42302858252
-9.71769199979
34.9102835209
8.76927334028
-47.1875165622
7.4013789428
8.11723052444
10.7317222833
-5.43901946246
41.9837876487
29.4733570568
-7.12715283264
22.2906961806
8.9114158747
39.8363515193
7.88807940961
9.37335552179
-2.91010231682
-9.40116105482
18.7299614615
-14.2937977209
-33.5839913244
-19.934285134
5.40604663364
-21.7704911258
17.3693342515
7.5565015575
-12.7782729622
18.6538555622
0.687232874232
13.2137311503
-2.40432695317
-23.0620525436
12.9844911489
-11.4746578429
-24.6038208265
8.49134551743
-15.2996081941
-6.52948795508
0.693804969261
-0.665247008238
-5.39402033453
-7.26174290471
-2.83180554184
37.5875192125
25.6497971517
-33.0442381809
8.71178625357
-2.2279495668
4.21435526942
-13.1652864799
29.457995845
-10.896840982
-0.777972320551
10.0752808151
-24.4050752921
-7.71404522873
1.40093297096
4.05667181016
11.5930494802
-20.3262706424
-25.9206707356
35.4650918918
19.8722718444
-6.26523573711
-9.995970941
4.21435526942
3.11636196881
25.9716074733
31.7802550566
-1.20461104693
14.456650508
10.0266400618
8.71178625357
-16.1409514923
-9.0933793339
13.8933496537
1.47329619163
38.8517191891
12.8478463842
-14.811633003
-26.8442859177
-11.7400168873
28.0955264673
8.29183151899
-20.0822144651
4.08247131851
-11.4398925784
11.3668230917
1.88173776407
6.62370468297
26.990218778
18.686198525
-3.15101638199
-10.3129891493
-22.5705220952
-22.3510510151
-12.9910635834
-9.21943631516
-1.70378237797
1.35759553807
14.7343236841
-1.36127368463
36.0877466231
12.0881969479
-1.82873033839
-4.54378761994
33.0012685721
19.7881825581
122.78570384
-38.6620455801
23.5421473945
2.25018960546
-38.089438663
-5.39563340651
10.1890831248
-4.28117791533
26.4967119378
12.2070095169
36.413329207
-6.87067868031
-18.5256213232
46.7337027748
-40.6384143345
9.60718414745
20.5726920827
-1.58643046102
24.0835753463
1.95868867387
-4.83705975394
-10.2874771337
-3.96282768654
15.0929669225
25.5561967616
46.1202298283
10.5958246778
-13.6714148747
25.4750197388
22.8276711654
-0.770156262259
78.2271028202
-5.42685339873
-14.9626524234
-0.939525550647
30.097973985
0.718542848511
-2.82671855798
-1.54645920305
-27.2245633132
-12.8708408989
21.160806243
-1.94620943552
10.7531734165
17.2498118782
-13.4417910118
13.5652319594
3.22211759771
6.51303005
16.6812517794
-1.71947251073
17.6778413899
-4.86954640582
-14.7499696162
-1.94089564401
-11.7025911794
-19.2676102762
-24.4111202104
-8.60698878932
-18.7019339429
28.9041139518
-18.1909245657
-15.9591054424
20.9788697039
-21.1568841673
-30.7186402562
-11.5286568399
-5.08503003249
12.2070095169
17.0235257503
65.1682988179
8.76927334028
30.1777827973
10.6556333907
15.6572942394
-7.58362051888
15.190190509
1.26813391247
12.2070095169
-17.5775002964
32.5169245566
-12.9277835723
-4.76003873353
13.607986497
14.3890731394
4.42998103282
1.91921685464
-19.8956877529
-21.2813418675
-21.4976217975
54.6922955306
18.0749356042
83.5926645225
26.59861176
-0.665247008238
38.806867609
-32.449211594
-33.2134309205
4.55112681963
1.35128403857
18.7792427421
-16.3982567524
-3.13224833107
18.7792427421
13.3272956087
30.1777827973
-1.49472691804
29.2030861666
0.462643464278
30.2158983496
2.61578079942
12.8528850003
-7.65774429082
3.45313301259
12.2070095169
7.38748061494
7.61676747049
-21.3680883043
-15.0957030681
26.596165247
8.71897962128
5.94541515804
-8.52109930314
-12.284220714
8.9114158747
13.049251052
-44.3347292304
-0.177369645788
9.83653379662
13.7837327754
-0.241221602154
-35.1560461
9.19303376065
-15.7895095317
1.21875729304
1.88173776407
92.1364386298
-5.67168194222
-4.53485402726
-17.2680680785
14.1614077655
42.1918316606
-9.08150128002
60.1150918815
-17.8442511912
-5.73494348855
19.8112857559
-4.46275110249
-4.81455477607
14.5392430933
24.1580075908
-4.92715128176
1.22714105842
-12.6195516815
202.10603847
-4.6767598627
5.19192711267
-11.2063371162
17.9331057843
-0.777972320551
5.95036193218
20.4000049807
13.4320317597
5.78724618355
52.9911716023
-1.82169826757
22.8787140802
-15.9435701682
22.3237051095
20.3491942564
5.57110992532
-18.5372258099
32.5169245566
12.9943194314
-14.428012439
6.38273750076
56.9564377555
28.1560853095
-10.0020908388
-2.98722721798
0.184088496582
-19.9712961822
45.9076093894
-6.17629572666
-26.0448983341
-8.89514885558
-5.79812680726
-8.61983514593
18.6900736577
-18.7412451896
2.27546876122
36.5271996618
-8.49006170531
111.124040353
-16.0287092618
42.4586656846
-5.41726509584
-3.64466503965
2.47307434484
16.354382633
-14.7732359837
55.9263817588
68.7747189183
-23.0583524534
4.82239316431
-11.3489168533
-5.06623856532
12.8478463842
1.82536400569
3.16956643911
-4.20387786518
105.309096553
21.7173667687
-19.1211926407
15.6181755827
9.61684670793
0.239577942249
7.2605985031
-13.1297649823
8.0312858523
-17.0622353786
-4.99327186933
82.1840137368
-6.33203095185
-15.791032658
35.5691506486
6.1473671812
-32.6407206603
-37.2710542715
39.1325007888
-28.9286818294
-1.45956854745
40.5519775702
42.2654089016
13.0480743215
-14.76141318
-14.3622734803
0.95374533691
21.5218730283
-0.89124476213
133.826461141
-29.0164401164
8.58473698878
-0.676173289333
-28.5813678845
37.2390914481
10.8470866853
98.5997278699
-17.0835969219
-10.7063121742
9.19303376065
26.1648249968
36.3367933508
-0.289994889682
25.7350021651
-4.99497061653
4.84598466972
-5.41726509584
10.9649156277
27.9678146231
-6.28523832504
18.7753064948
-5.12129521258
94.4420219636
-27.1296767321
0.897126109024
-16.9280606578
69.707044301
14.8123246716
-23.3561912925
42.2831606117
-12.3572710576
-6.10942674205
14.2340870263
-11.0686681212
-2.15125045724
11.6803369292
-18.116356897
3.49233716983
-4.43354105227
-12.9910635834
19.2257027528
15.8046091156
22.7112554634
-27.0693609576
-19.9196986917
8.94654505239
-13.5865259003
12.8478463842
13.4792391111
2.70194480834
-10.0465848462
51.2513836157
14.1997470087
0.26963133259
9.39452737688
-29.6032484152
64.7571369568
6.82812746426
-24.9981000773
19.5621419952
1.60023790737
7.63434151876
37.5084639315
-2.41375450147
-14.0030931897
12.4406794263
-4.7312350355
-19.4469036932
34.0510280993
-15.7627120609
-21.5968940318
15.5069839964
-0.911622058711
38.8517191891
-19.4447796154
-16.0331233693
12.803955039
32.5169245566
71.8226546817
2.4662627093
21.1180012089
-3.96282768654
21.9672848941
-8.14993926749
-3.96282768654
82.1840137368
-33.3810518903
-26.5697428971
-9.1064670721
-19.8406894816
-5.59124127369
10.5138118509
-7.47941644822
14.2161378033
-4.04339369583
-2.427720243
-15.4497408105
-13.5147859368
-5.29448070882
-17.7984876293
3.05935722114
7.78479772166
-13.425409993
9.22669946105
0.616843761551
5.97557342037
12.7487836837
-37.3736485715
7.83775638346
-2.64878328756
-8.09590202205
-36.5666126444
3.37252923429
3.65572312377
36.3367933508
-1.23906091264
-0.966000246129
22.3602840393
19.9355579558
-6.84964908091
113.518978779
9.19303376065
22.1533319802
24.0788188405
3.33457531936
30.9127626827
1.24925689961
-0.856988431166
-2.4675213087
10.7273872912
19.9709123213
13.9377628399
-7.81045256661
-8.62751809027
11.2759950412
-9.11552587481
63.2731032084
-5.55861019601
12.9295769705
2.04056611156
-13.749559833
-38.5821352093
36.329015606
-10.305389024
-8.65785294422
-27.6434286452
-11.8494218611
-21.7830921114
35.6879476302
-0.99834770651
16.3473961763
5.03733499114
-4.56448647482
16.7801345457
-21.6462466822
-0.0791142201854
4.92850441999
65.8874317015
-26.8506409815
11.1836716258
-29.7903281715
-9.82935485752
-21.3118718322
-22.9076030648
6.53345502035
-0.25520625177
25.1903688696
-3.85770510476
95.6532506253
29.2609495555
79.2901416007
23.866738784
22.9632686515
70.6826126106
2.54767320246
-10.6334799185
46.1597044095
5.86615767057
20.6399912506
-4.94619392158
-2.10972870373
-36.1570066868
8.71178625357
-23.5980523324
6.11869859071
-12.1449198713
-25.8184342369
-11.8083578892
14.9628266209
-25.0441033992
17.9331057843
17.1177233322
20.3246209527
17.209213066
-4.5373517472
27.2225145303
-15.7895095317
-24.0165439669
9.60340405421
-9.30725655421
74.3283400978
-35.9118893806
65.7362412004
-14.8222404743
-20.90175863
-5.90890583288
3.0057709285
-22.2897879949
-3.57960665318
-16.0751563857
-8.07464800205
18.0589837039
38.8690375871
8.01469089739
235.021488998
2.48760143199
70.4172441573
-21.5577826271
22.7726817142
-4.0500609393
3.24588426425
12.0243421521
-1.08411840925
33.1283692284
-19.0163733646
-11.5260476788
18.1430270261
30.9127626827
-28.1498148693
116.390723386
1.82536400569
19.3833259238
-23.8885418572
-4.10854572238
9.80382568764
52.809645545
-21.0856660789
-7.69508543257
10.4206220413
143.913704791
-4.98548318212
1.35759553807
-38.7384654267
-9.85470031772
-12.1019463096
-16.4106921468
-4.06424659446
4.72082546803
-12.695808562
-18.8455387534
116.529090025
2.86981378684
7.02729523142
26.889996002
-20.2110469739
16.2608808842
55.5993074986
-0.191000129819
-8.49695928289
5.92915402003
24.2951512358
6.87201257152
16.3195020907
-7.71991243006
-6.70614061845
-3.91552167987
10.8283061371
-5.29448070882
-8.4483034627
1.91472602954
16.7670629617
60.824919424
-27.8122491738
6.38273750076
31.3711119903
122.251518539
4.57559138207
8.99296488653
-14.0030931897
4.36303141425
32.5169245566
3.59101847836
95.6620899587
13.0019828598
89.5171049745
5.82806239593
6.83324672969
-8.30796434512
-5.88745557968
45.3712001303
7.17280183969
-25.1579520988
-22.7486840727
-5.48795372476
12.6038453435
-30.3129992599
-12.0580188793
15.5230574287
48.2940575504
-0.518977055451
-25.0994193629
-1.30940524741
-2.43378546245
7.87710352803
18.533803422
-0.857727622407
9.85671563139
-7.10174721284
-29.8370526932
19.5153227306
13.8907915576
-0.994589646753
-5.13778454999
-4.56228317381
28.7312612013
60.1157083732
-14.8222404743
46.5201517149
114.564589929
6.66506234473
-8.18829790405
2.45806777268
2.30124673463
164.154617063
-16.6037932062
14.4189652957
-18.3216371381
14.9255923556
29.4661102018
7.93353754068
-0.0469233940941
-31.9888847264
-18.597622165
-17.6642123946
13.1012754151
28.0902578383
24.8660704198
-19.1983254749
7.88599908575
8.76927334028
-4.45821903809
13.1046323683
-14.2277455843
28.9041139518
-11.0914704204
17.0622057434
-0.130252812
-10.9102308258
15.1747646895
13.807623727
-4.96723419278
7.12125404724
55.7461199628
18.1802167094
-1.87152517123
25.437647815
18.9094287754
-29.7104853485
-26.5915945479
5.8109554129
1.54923088979
46.6234342682
-22.2103598061
-14.0030931897
-12.325472083
21.6825349282
-14.2230311787
-15.7489913755
-10.9365419098
21.9687003166
-25.813517631
-19.0133871525
39.7820241963
-1.47061099786
-4.31329629131
-3.48061511826
42.8387479753
10.3003406186
-10.6334799185
46.2342813533
-0.00760396111908
-3.50630863382
-10.9671643106
7.2554949367
69.4664821005
35.1548327374
3.86481272651
1.55728981442
9.8910629138
-13.7570495753
4.92718037658
57.8449358016
121.031093686
36.4071101331
46.8171732129
3.80989199904
-22.0306896031
13.0580200816
36.0177989554
28.4284798516
-10.0132369075
-3.48606423545
25.0658632578
1.09181509253
-8.7442635864
-28.3971429302
-19.4104061556
-4.98548318212
7.78479772166
-7.72039701842
30.1777827973
1.99963735036
54.2601671925
8.71178625357
-2.74159348834
8.15786935803
35.5934876829
18.9705712727
13.584088487
30.1777827973
-1.92573215298
-1.24251985199
-3.20153279457
35.5055471449
22.9077573704
-19.2207281392
7.16905503634
10.3211439605
5.55681057413
0.852900626289
32.9324810159
36.3367933508
20.7922770598
-23.0892468184
-3.72494641102
34.0322227058
138.48970571
-20.2806007132
5.00654515518
-15.3113628684
51.3557570562
2.41149353034
-21.7760081239
-2.53610353902
8.47869111652
5.43489527925
-1.80297507104
243.356190988
17.9331057843
-14.0030931897
6.13168863815
12.6580738466
-2.78230903197
26.4390656865
-12.1788288115
-6.10282318507
-14.3433195778
2.98224304853
-2.09932448581
1.16250033817
-5.31672704342
6.08449546767
2.95986621328
-15.1345394016
4.87182616578
-5.45964396474
73.6555386721
44.8106052626
-35.5145575933
54.9218390785
40.5202261148
21.160806243
-12.9910635834
6.7958966673
111.124040353
-19.934285134
37.4849884441
-20.3262706424
2.2735118926
-25.8793114373
78.2271028202
73.4969554838
5.23897492485
-6.17211729121
-26.9557057683
2.1907629621
18.6204247007
-17.5775002964
13.8126535152
17.6687031003
4.64014331126
-20.7286632149
7.33253851702
86.2779973201
-11.2120257643
30.1777827973
11.3898986591
82.1840137368
-3.09392926523
12.5537052864
-7.69508543257
-3.65854294971
0.769294525122
24.7853124473
-1.69462826472
11.3558723992
79.3223387564
-4.88997389684
-1.94620943552
-4.97314795449
153.552486321
-18.4325003793
6.76239738109
10.0796257971
-6.52948795508
-3.96282768654
-4.32292919939
-3.89805471781
15.0165299342
8.9114158747
4.97069579368
-21.8663415828
2.53524249197
8.15786935803
92.159392139
-21.7607386515
28.1911778104
-3.58614291525
-9.25577392725
-27.729980231
24.2951512358
19.3583550691
6.81116920181
-17.3230628414
9.08107006744
4.66591199586
-2.78246502146
12.8478463842
-27.221990205
10.5657831821
-21.490332963
12.9975112507
-20.434716846
1.91921685464
-0.212624333108
29.5595715539
43.8334995358
-12.8008706175
59.894062821
20.6483061438
67.5065039662
1.36762087794
30.7324144193
-16.327308937
-17.3307852919
54.2796879879
-25.3847085544
51.2274007465
-10.5788080605
12.2070095169
-25.1482403322
-16.1804396147
-0.0791142201854
28.4919974877
26.596165247
-15.3127041232
-31.1477183054
-3.40157332469
19.8862624322
-9.1064670721
37.5712919355
-28.5320483256
-51.0635202531
27.7262761271
26.2813144674
-10.604173381
13.9521024719
-11.0631861705
6.07828512744
-40.9585313102
25.4220586287
-16.5020938455
9.25316847461
11.8309838587
18.7792427421
56.3558153602
11.7286046264
-11.9284263942
12.5006640667
-23.6434732034
11.6862020734
-8.30957953238
-0.767036023773
-41.5380855935
-24.561666802
-23.0678622224
42.6268711299
-35.2376688908
7.53931695873
9.15161713162
7.61455493693
8.8687681459
5.66872477634
1.29329647966
-6.69509927959
-59.6608007142
-11.4838628085
33.099178557
15.3565304963
-9.3296344965
26.8949509863
28.0522973052
0.888453306834
-0.680853523274
-21.2120819135
-7.7597211009
-14.0991664851
-5.30359553746
-19.1065951809
1.22223633954
-1.93613293273
21.9506801991
14.0179286577
-9.73778950264
34.2681294212
32.5169245566
-5.33923099569
16.3890605544
31.7802550566
-9.1064670721
60.2336469864
4.74524076844
74.5558169953
32.4227308392
2.99577803019
-3.01546085375
-21.8828925341
-0.887072905939
1.16761270106
60.1479473194
-2.63103381593
-11.9479990669
-2.69605905292
-6.52948795508
26.4812712188
17.3582777819
-16.9011816315
-0.00760396111908
0.788063233594
-7.41878344494
13.908470385
3.51485091575
-2.92080629555
-6.20708025752
-30.9923198893
-13.9700783823
-10.9854728926
12.0184306886
-5.95558108989
1.0510957082
-24.2957275488
-7.28496109072
-11.1402410073
12.2070095169
-4.74930389948
35.1975383319
6.34748307021
2.1545799573
-7.69508543257
-22.0081712686
-7.69508543257
-0.0846046840826
-9.89530981414
53.8417231059
182.268279708
18.0841160513
8.50458900297
30.9127626827
27.8242569736
-17.3437110361
0.795021514162
-3.84961972412
70.64674566
-5.90122403188
-34.2296325107
-16.8263360033
-8.02436082511
20.2443333826
4.75398398927
6.48079253616
14.4945586779
1.42581202212
12.7151022614
-1.26289019454
5.70546264564
14.973165444
-14.900480843
2.30554538828
28.2442062566
-7.14076662461
-1.60693744016
7.12125404724
-22.9951315174
-18.2532961112
-25.7800047239
2.47259042705
84.5731132614
32.749946712
-5.35170729025
29.2030861666
-5.35804497141
-9.94074085835
11.3063648519
31.9904442247
38.5390462678
7.64561929129
-0.602529961614
23.2867646368
11.5417231217
-2.64878328756
-11.0943791429
16.3139842884
28.9695750121
-0.247483388591
-0.665247008238
-1.73203027901
28.9960911345
53.6385760121
50.946029797
-6.47272599142
76.608097533
39.8443988737
-11.681231533
-0.0180359731571
-17.9667024144
168.659305542
4.50317579574
95.1559817528
-3.05843053326
-13.4474899463
-7.69508543257
8.71178625357
-5.02621701582
50.133143305
24.6627054842
6.5428549063
25.3812680609
22.2074030877
38.3899012732
-2.3979269786
7.48992786655
24.3904222181
14.5329800728
10.4206220413
6.59839975712
9.86484453722
21.1104778481
2.60405850881
-10.7180516123
58.3494183952
-13.0539448165
-9.40885358685
24.1000469911
35.7303094
20.844878233
-12.6682641067
1.86919105146
1.84318024868
2.9080763887
-37.3885392296
48.7449203939
-9.28195566556
-3.84681758149
-26.2568293024
5.90811231079
62.0295385395
12.2070095169
-26.0613406188
-11.6870774784
45.7303863662
18.4581589407
0.265668549955
-34.2373013618
9.06518121229
11.6911952139
43.6311192831
-35.6085932653
89.4928184356
-29.0958738122
-14.2734919171
19.4625906634
16.4788012414
-5.64408733432
7.57928251163
-10.8669756183
-2.97616520142
-28.0846775937
18.3601328738
-6.55115189398
-11.7765697727
17.3318577665
-3.21449033293
-11.8957139863
41.0920096803
19.4036609964
-3.10675916154
0.140964279586
-7.18428278533
9.87858488276
4.24460271687
-0.00760396111908
1.35759553807
5.26815249911
1.32070082992
-29.0618435206
-28.6040529473
20.3797386427
12.1534085588
4.27860405864
-2.13670845431
8.78610926671
1.76943797054
2.98254885893
6.20794172829
17.9331057843
-14.8719977233
-0.304707174067
46.5201517149
-17.1329346191
-4.21622229497
28.8209507439
45.8258488982
0.955686408026
-4.82758118629
35.9178387066
9.71100495362
-27.2448046395
5.1253491702
-7.69508543257
4.21435526942
-12.4852464649
23.620958088
-1.86621081538
5.53327315339
24.7054356853
-17.646697131
5.3769356258
35.0719285046
-31.1244154146
0.552354215607
29.2077819271
4.84397058089
18.0419983991
-7.99357265216
-2.5901973943
12.5919039957
-22.0862849931
16.0046789275
-9.39729153141
-25.2322962349
8.76927334028
9.47607751296
-9.88281237153
20.4055574826
15.0678031305
-3.08653437399
13.5254319906
-21.5664234432
12.0527132951
20.3661643842
32.1815831689
43.3394605692
13.9191156593
-3.96282768654
8.797473903
3.59903753772
14.098773374
-11.5094732183
-3.96282768654
8.26650677929
-18.9364862375
9.89396461202
-3.07052987514
20.9329899734
-0.691812593225
-10.5084187169
-5.50664119472
8.76927334028
19.1005041064
0.808870802034
17.8876523941
-4.75148843436
-1.42458435453
-11.8192621313
7.18553338313
-1.26912886588
-0.304707174067
27.4768689566
-20.3980189152
-10.7232993587
1.35759553807
-24.0165439669
25.9676138686
1.27114827519
2.46197995264
40.1351255036
-3.96282768654
4.13956533851
-22.2741041998
40.7761080154
-22.419832424
4.20257557953
-12.2446635356
-16.8429353448
-0.201727060391
-5.92499203465
-20.7877230763
11.9748888443
26.596165247
7.70727742366
-11.0914704204
-11.8107576457
-5.33415324299
6.12999908839
-3.85024085485
-39.2472834227
-45.8686147752
3.85861959641
-14.6790369666
10.3438425793
-16.435692286
53.9960840604
-3.3062738185
0.0723870882481
17.5846710026
-12.7803906943
52.0499888839
26.2244755825
7.03765417722
24.2951512358
6.83324672969
2.4662627093
27.7130164246
16.3518874659
-21.5213765828
-11.624965411
17.0380751794
8.76927334028
-32.6600910162
-10.1224258356
-0.665247008238
15.9761804063
-23.7838293412
7.18521457923
39.7729386113
21.6030223126
-68.714983783
31.1454310606
35.9468988955
0.693804969261
-10.6615887838
18.9473076689
-43.2351994365
-30.446460541
1.21099599583
-14.9046908042
12.8181399536
-4.83739784956
19.2949209324
-23.6895602218
-10.0354893242
15.1558279476
11.1578133389
-0.869378855065
-5.95051211561
-22.9086606504
44.2379846356
6.2021921812
-30.1449224737
16.5626742482
12.136126047
1.21875729304
-15.3803999971
-0.568621467418
1.38533171394
-19.7394811941
-3.11474760034
32.8372212851
-8.52304784029
16.7885204047
2.01328617168
-10.9979992122
-30.866564189
29.3548515893
-8.04448893491
-23.0274540617
16.5559375148
5.53539882218
2.01394374541
31.7504814146
4.97459495912
-38.089438663
5.53327315339
-4.82758118629
-14.5009033303
7.68109877103
-1.08070235624
15.9243274902
23.1431619852
46.5201517149
7.17717644373
20.6797414554
48.5593316233
13.9273893
6.81779216578
10.2347960648
-13.2025492773
12.7993953465
6.22253443917
-5.65322605886
10.4402222305
-19.934285134
13.0292764909
3.92624335072
-16.3937312015
-10.2874771337
2.99098647473
-3.27216376036
7.5985682694
-37.9241515816
-7.94905572643
-12.6627951581
43.65063686
-15.8506944426
-2.413083134
18.8210906087
8.9352778759
-21.0681683221
7.70716025833
-0.676173289333
-12.1130004114
-5.8839398161
-8.72092263543
-6.47216182002
-18.1399513558
-11.2694568774
67.762707098
-4.11319451127
-11.3092441832
12.9361816932
1.49206806899
12.0184306886
12.3200261723
-6.92060305666
29.6281371937
-3.94108369517
-5.28325639278
-19.0347536547
9.02555746244
-26.5407216564
-12.0661693767
-2.64878328756
-19.3441489054
6.48079253616
-10.0439311286
3.26638190075
-6.73905262497
8.9114158747
101.93663895
13.4991835359
-18.588578705
11.3199690188
0.618625108964
32.0041026356
39.2843074038
40.5519775702
6.62610516142
11.0269972644
18.16740411
-6.67111953082
-9.8701366366
16.5036547448
-3.96282768654
-17.6654539408
54.7108869249
5.38573175817
-3.01226474323
36.4290046319
-11.9995115528
-3.53652928438
16.6708000244
2.3413634313
5.5689129296
-2.98722721798
28.9102097346
27.4369013459
2.88154693467
-4.00773772469
1.15210811568
-17.7272131135
36.1868960591
5.59432743938
10.3326458611
-12.2212297904
-8.33920209747
16.1235905285
-4.89765346769
-4.827907073
13.9377809934
0.00474487415351
-9.21121245634
-19.4559745031
-4.02039044119
-1.92573215298
9.04759976794
17.229603748
6.98723433434
29.4268417452
26.3683690032
-9.98332506899
4.41237122044
-7.99357265216
21.4515968556
1.53075907555
-3.77068005938
-10.2683116924
2.24974752392
3.58525376318
-8.0414015563
17.9331057843
4.50520493737
-21.6134946078
-7.69508543257
52.0439329968
91.3248040234
87.9831875335
12.2516118319
-11.8571899878
-14.2804061871
-9.51783796357
9.44151527139
-2.57564891412
0.611999021823
13.6577727416
-1.92573215298
-4.58792160918
-42.9856288108
-33.5839913244
-18.2504348688
54.6926127476
3.82274619851
-3.48530035287
4.63129795078
6.28797996028
-14.0606754684
10.7317222833
22.2486272068
-16.8556324115
-21.2680599846
23.547916739
-27.6555851177
8.69289581577
-18.067906226
28.6125284145
5.53327315339
12.8338020738
-0.741713002086
-12.6288253157
32.8166197969
4.06083206389
-21.5213765828
-3.20647470635
8.97196222638
-4.66399576432
-12.8998428768
-8.38520760506
65.6046491011
-3.62813294187
-40.8646037178
1.53075907555
10.6099547693
-1.47061099786
20.9900595108
-31.9955528202
12.0921253361
-43.1147047147
18.1430270261
58.752135598
66.944890389
42.1802998964
20.145740802
207.8701523
-11.859327243
-15.1389342796
26.6155884842
-19.1984944601
12.8927825444
20.7718686926
15.6169578912
12.3309081582
16.041707825
5.8969045493
12.5526366565
13.5129448122
-0.304707174067
55.2321339833
2.94704979773
-37.6409143483
-34.5243967512
3.96534486893
-7.30147759891
-9.78313701486
10.6099547693
-10.1588589364
49.2405494583
-14.4374468549
27.1590057409
85.968195185
-21.4418190471
8.77264897582
8.76927334028
1.36669992497
-6.49187358688
-4.06424659446
15.6231109385
14.0610158657
1.94425258519
41.918220044
-1.03509615534
1.56279731051
-3.13224833107
-24.0375567865
7.00438233192
-22.8893936798
-20.317308362
10.1712571833
15.5632105881
24.1588222551
45.3046337356
-24.7442764661
-8.51198940148
-2.26283633227
-29.5184479455
-4.56720595847
29.8251990374
67.8389976398
-7.37413133893
111.124040353
36.4983311142
34.9365977906
-41.615607846
19.0402817532
-0.114598595459
-20.6855907449
12.8478463842
45.1409421827
111.124040353
0.220628720722
31.3330970324
-15.7895095317
-0.0180359731571
-15.7895095317
8.15167070598
-25.4583830698
7.55295867488
43.9182865838
10.7749759211
-19.6185143108
8.49785637365
7.32022047493
-4.35921363588
29.4971936897
32.9286519662
18.2796404346
-13.5218222629
-0.462546947283
17.4875930756
22.4075084011
126.000144442
63.3120318119
8.26650677929
27.3498039482
-5.28552136388
-32.5783966542
-4.91801574667
0.417229900848
-3.58229726651
4.33951518684
34.6520205776
8.71178625357
14.9603279165
-6.72808927402
28.0522973052
-27.1296767321
42.7608161105
19.102659773
14.864392693
17.9331057843
-0.320249843474
26.168796843
1.24549101409
30.4979564307
27.982603912
-14.5414004316
-13.0666143444
26.4395135629
10.0678162565
-25.8473942755
15.0337431189
29.8100514465
-11.7634055824
-35.4118962344
-26.2907099858
8.65199950875
5.64163694364
7.41086270955
-19.6361822646
11.0855309889
44.136220556
33.3774735079
-4.46275110249
10.6978286037
-32.889235834
2.99098647473
54.650297801
33.1283692284
11.4599479225
-3.42812846829
1.25492404635
-7.0921013547
-3.3114978924
-23.4586950755
-8.00144811353
2.83396863626
88.6795850761
16.8593910951
3.99042516563
-14.0247789181
7.42605813187
-9.36859839636
-4.83765124709
22.434759212
-15.394842756
-19.2870684788
11.9262677396
35.1760420315
-6.51735084587
4.43725964051
-1.15910456082
1.91921685464
-25.4151321452
-17.0292840572
17.4055899773
9.02086881052
-32.605833308
15.6744660064
11.4904464972
7.20463373222
46.9257003513
-19.197585006
-4.9598576209
-18.8022413012
-22.1142471764
-20.2104791193
0.831775220561
3.06441134701
35.9990291839
-12.7702043351
86.2779973201
-21.3963628538
32.0492068532
13.5005815977
-9.61489299644
16.9882833008
-29.4483005617
-16.8574692533
33.1465549565
8.80694667854
12.8017261254
-0.00760396111908
35.7105083304
27.3498039482
72.0616226272
5.64163694364
20.27704008
1.7843898155
17.9331057843
-8.7079963434
-8.12187050076
-14.550158759
-11.9397436797
-2.55222918254
24.7432723334
82.9607465487
-13.5888057231
-7.06283324374
-16.0475348089
-41.8315996616
21.5705938534
-25.5336391576
-11.3266593386
6.37756927264
23.7578014312
4.80658502135
-21.5547165923
0.915763438222
12.1822814657
8.76927334028
-25.765142494
2.92443436901
21.6604457683
-31.0064809005
10.4206220413
1.88730147354
29.2584417848
-6.30446452169
1.64973084842
29.2148822573
47.186260829
127.38463225
1405 6528
