2.28451058344
-1.23886133236
-3.21670003562
-6.51913722519
-1.88690804727
-4.1191889675
-0.648658542731
-0.307594200621
-4.94176441573
-13.286243322
2.93022688585
3.14959053701
0.916509514995
5.46240822193
-6.44389898818
-1.49922968488
-1.69336956474
2.42612001326
1.68193097194
1.87297123515
4.07703819795
3.67209247938
-2.17138382691
12.804530984
6.65757501552
-18.6404819322
-0.753920863502
2.91962339326
1.82024110183
5.29533448929
2.24965618093
-0.654938084912
1.15041932422
-1.56003250157
0.197094496182
5.14990703053
2.93141990058
2.26689915618
0.553442727493
-0.565511356236
2.02122191963
-2.55311653543
10.1431142748
5.66569626141
-1.49773385691
-0.941928860496
-1.76709317516
1.17181161984
-0.168230873109
-6.51913722519
0.785844327245
-0.915779275197
3.14087773911
11.0137256578
4.57961548766
0.684471859885
-2.65829903608
-0.205278942444
-0.706480085557
-4.68415642312
-3.81311059785
6.79383418855
-4.87744144199
0.522915237595
0.495640583432
4.34174725787
1.45907345025
-11.9695590004
-4.37381056344
-1.09828345071
5.31416502438
0.909050683297
-0.282228418549
-0.133147937237
-0.590353375892
-0.379011751605
16.5943118279
-6.038175731
1.6741424823
5.94641821096
-2.7046828429
4.91692308756
-1.58930896366
15.4055738542
-1.91843102996
-2.73201653521
-4.26291813145
8.88028436412
-13.1464697044
-8.84271146175
0.293859804588
-11.1431340898
8.49184722509
-6.00354802403
0.232444055396
-3.6739927673
-2.40177163823
1.16712547602
4.07436400033
-1.10064890985
1.40229281261
-4.46995442719
0.833617311983
1.21827252085
0.196086675608
5.12790113459
1.10590552876
-8.69497262592
-6.03534582082
2.6114443263
-4.23809946789
8.39635800465
8.23583267938
-0.391198544183
-0.369440320204
-6.35181753646
-20.8532493119
4.68805724201
-0.942248734494
7.98185863994
-1.49140514467
-5.42020906418
1.2620192987
1.47127943392
3.18291001372
0.316185550568
1.19541401134
1.67286974535
5.49685220668
-6.038175731
5.46942624856
-3.90730103376
-0.688583051382
3.89538091375
5.13767178123
3.19165344554
-7.68362157243
-7.02880328094
-11.073930635
1.9402439224
8.16504831481
4.37409353313
-3.64891520693
4.96573386721
6.34463654176
-1.20621086875
13.0051344219
15.3871899143
-3.59812615796
-0.394685403007
-1.08435376445
-3.78052525097
-0.168230873109
-0.575113423947
-5.92934597212
0.0681301887183
-6.73938646064
-1.84874563631
-1.66024720446
0.26168662816
-4.11578330155
-3.05060433737
-1.17908582216
-4.6773849476
6.49651660315
-0.304539918797
0.989777160172
6.65388732756
2.87975677143
-4.11158606969
1.67983933326
-0.0146893656488
0.456767333662
0.60115371303
-21.978901527
-5.3312598422
-0.593626698728
1.34565244442
2.12018602733
4.76818141083
-3.04879854383
1.67690151278
-0.236655227795
-1.58917130717
-7.69332968171
1.39115894807
3.71326565406
-3.65177220005
-0.805954535349
-3.76440677596
-3.6757829591
-2.15729231396
-4.18767668675
11.4988784471
-4.06938052934
5.23716935837
-3.19552023271
-0.668493429291
1.42856589997
-3.31632838411
-4.71364886555
3.73202502255
-6.51913722519
4.18471980483
-6.66874933128
4.75327209006
-1.74825684951
0.601126742602
-4.05673996083
1.24674856334
2.4515275381
2.47356889842
3.08061153185
7.94868950176
20.681222725
1.2599193881
-1.99366703305
2.06868737284
3.33853521625
2.99468466865
8.19542254371
2.99874053294
-3.64136290707
1.99180020926
0.57643711749
1.78298249608
0.203262014736
-3.13870210236
-6.30217858407
1.51932147186
-0.482922245885
-0.476212098803
0.668106634154
1.73545826074
1.21663462747
0.270471855238
6.48634141441
-1.96847435018
0.423939297918
0.0597732351518
-1.70874803251
1.98858746877
-0.767036684613
-1.65445418137
-1.0822714394
0.178134422222
-6.038175731
-8.84271146175
-22.5275066281
-4.11158606969
-1.19928870132
-0.00606002681442
-17.6811898402
1.39365022387
0.95613571435
-0.534956831844
-21.978901527
-0.900866049221
7.26643768954
3.78066175495
-1.97605879729
-0.999757239866
5.29773842103
2.26572141221
1.43915699509
0.495640583432
4.96920784747
5.68141696149
-24.1857403493
5.43370282589
-1.6144632764
2.70155159944
3.26883480062
-1.5879999622
-1.85362761161
0.228355349202
-2.63132991372
-4.1885229248
-1.38939148458
7.06259471035
-14.558689618
-3.31707629449
-0.387338541244
1.42944800269
0.749557649626
-4.04271088768
5.99940101436
8.16641432954
8.95800569064
-0.993459132749
0.151670857151
-0.131334338097
-0.27314292727
-0.107702393266
0.179435498221
-6.51913722519
-6.90421608191
2.26648642607
2.98942703716
13.5293962888
0.196578450893
2.79654734496
-1.43312449565
-6.76528456617
5.83788595292
6.34431130671
4.62081079392
-19.8018492499
3.99133512121
-1.72134371572
0.657476865277
-3.08876482635
-0.726341930621
-11.2180014572
-1.59995167881
-2.56373900347
-1.66874686221
4.71894805695
0.58015039711
-8.75914092529
-0.205278942444
-2.79003994886
3.69772791909
-2.93731694156
3.33853521625
8.40686058896
-2.9306573531
2.03904763342
-0.0306750353614
-3.90730103376
7.35653615847
-6.94651659876
2.79121449416
1.03692329814
-12.4326171797
5.09469028336
-4.34455030805
0.535646137315
7.94868950176
1.61319733803
0.368886723016
8.02900723665
-2.21667083091
9.12962725562
0.157507167989
-3.01127337836
-0.0667278679808
6.10951426234
-1.77396008997
4.76796367216
6.68790664684
-4.39096086882
1.45907345025
-1.11719103437
1.64246380292
-1.13353018424
1.58064130059
-1.5579899939
5.03102891113
-9.16107835477
2.71855397305
15.4490817553
-4.10005433956
2.44596931508
-1.63368236371
-1.44163169941
5.20068306549
1.81691717632
-0.590353375892
1.55174601523
-24.7514733192
-2.44885783235
6.50784540392
-3.2856893388
2.74105302895
-0.882105293582
0.073944595245
3.0286430576
-2.5975660645
-0.159365874965
-0.27314292727
6.77671782673
-1.73978924329
-30.6612363027
0.196086675608
-2.16656784346
2.37458141879
6.67698835029
-3.43446087785
-1.35791310513
2.1479773516
1.44267492325
-0.00912894177779
-2.70450544901
-1.23464852123
-3.78052525097
-2.84956160055
-15.7637792271
-1.97022515366
13.1134535466
-1.66184597836
-2.42677078183
-2.51715129077
-5.40497284627
19.2223853279
4.91692308756
1.2400112654
2.90749905104
-2.58629180606
0.304126235261
-3.61261455075
0.275804518546
4.00449748044
-3.52607901541
-5.19309595086
5.24899263069
0.406610537461
5.36048273545
3.67389167838
-3.31707629449
13.0051344219
3.15972914857
9.44390132878
8.52063991077
-4.13739463094
-0.0736416394231
2.44596931508
7.73148391692
4.82452434159
-7.84274012459
7.7405041539
-0.724673732099
0.84627754735
3.63280007679
0.579555537416
5.12094457033
1.87155597208
-3.78052525097
0.567484666569
0.879683223212
2.07433001533
15.7752491399
2.01640112502
0.0597732351518
-2.79003994886
2.13483379851
4.80474031885
3.44369416789
7.46956189178
0.179435498221
3.10540072166
-3.31224662481
5.60478391865
-3.51600552259
6.70760326037
1.86107147173
0.657476865277
8.75139144077
0.601126742602
5.05763807901
-1.33620245472
-2.26190822584
-4.56443969245
-0.921389759155
4.21553541234
14.7250410508
4.17972260634
8.04119168646
1.5598331495
3.52783013585
10.099789615
0.324871955813
5.95634623873
2.15644953027
2.06441247897
-3.02537851076
-1.86500585544
-7.59189031448
-1.84585722375
5.96446174156
-1.92836013578
-17.8514896439
-5.23471296179
-7.31222059703
-0.847280637877
-0.405844328479
-2.63938775437
4.12129452856
-2.84252528219
1.78466503878
-2.63132991372
3.14975252933
10.6784978355
-2.5045468608
1.25393105804
-1.07523003422
-12.6262666929
1.58290423375
-1.80032240347
-15.7637792271
13.7367443919
-3.32021018222
1.10569595603
-7.5384886728
-1.08252569636
17.6267463368
-0.25621030395
1.35644105094
-2.50174089612
2.66669121171
-2.96210202669
-4.49242630056
4.0471882007
-0.290593128904
2.37458141879
-4.0054290943
4.17609582336
-9.97571733321
-3.43920541944
0.203262014736
-5.05701391582
-2.68211104807
-1.3667420158
-6.07048512698
-0.820954268518
-4.17432061111
3.98050498221
1.88575024028
-5.863748853
2.88157936562
-9.11779478186
-1.73079106143
4.23583532768
-17.525411961
3.26318240888
-0.638890138166
-4.60932588768
-0.777764073398
26.1531524139
1.45907345025
-1.03187740205
1.19524428744
0.220093039668
0.241186697381
-21.8776732865
-2.27031102308
-3.2563367746
25.1686914215
-2.33274584643
-1.65803827805
-2.58290263663
-19.2075260378
1.33640822088
4.62988262541
-3.14446535431
-0.992235624425
5.99940101436
4.08352603811
-17.7738563935
0.685981114039
-0.6371209607
-5.04183870735
-12.8377846842
-10.3171795642
-3.48372034111
2.85199509687
2.17285334836
4.56353573033
2.26733422063
-1.67330772061
-3.63517466287
-0.883903213463
4.9599181406
-2.46550834068
1.46648169294
3.83801321618
-0.0467706043565
-0.665702001922
-1.61079583949
1.00632378685
-24.7514733192
-1.0822714394
-1.57124763914
-0.244364868466
-5.24270515716
2.75458306874
1.42392502251
-1.84375349144
-0.147417028961
-6.4177509154
0.819647908662
-1.69634754534
-3.09616252566
-0.0467706043565
5.97687172891
3.14959053701
-0.404362288422
-0.168230873109
1.43583243039
3.35440458057
2.75741438973
3.98050498221
1.46737063888
1.15321849424
0.340383638661
-1.86500585544
0.991796215852
-3.10793947158
-1.38267630127
4.50935413565
0.686811126402
1.12803344573
-0.501944712096
-2.93731694156
2.30641333822
0.406610537461
-0.863174293001
1.84172662582
8.74784761259
-4.36820171891
0.242677328984
-0.27314292727
3.23265139086
-1.66440878848
-1.39043015765
-1.19288589801
3.61174791798
-3.699064782
-1.62752272923
-0.589560567943
-0.00629596443306
-5.30901043638
1.14251932787
1.34627677509
10.1431142748
1.20746090084
4.56930783444
1.87155597208
1.68597139064
2.36473023654
-0.937879963738
1.55174601523
8.38133027934
-2.31608661171
4.27959903838
1.85953215687
-1.84585722375
1.22389168925
-0.485562378517
-0.734747025138
3.17255375164
1.45907345025
1.57773017883
-4.11158606969
2.90023420324
-3.23890907093
0.0973862997617
0.135465998692
-0.27314292727
2.1771236954
-0.482181090757
0.625513170104
-3.24218631463
1.78298249608
-1.39222002695
3.18394922521
2.59779232812
2.1903139377
-0.785289330866
1.35082752424
7.41442889273
2.14251947507
7.67448841816
-0.329978509532
0.196086675608
-0.568906286862
-3.21776840142
3.13126812694
-3.38205507924
0.329288276581
-0.168230873109
-6.30217858407
3.20714398992
-2.31586760486
1.49771242206
-4.51366971317
3.09130263168
-26.7764337389
-1.86500585544
-2.04934312882
2.22162154033
-0.319301341353
-1.27535703143
2.62275289418
-0.356389150083
1.82024110183
1.17530383185
1.82024110183
0.660737939958
-0.940120467844
-1.60077121868
-0.966914828713
1.52409708233
3.21751588732
-4.49242630056
0.744139626027
-1.41362302676
-1.75364226463
-4.02770809116
-1.53108233469
-0.0311964873137
3.97568847439
1.77461057811
1.77825446672
3.00134709593
4.23943963967
7.52769061793
5.90684064888
3.14959053701
0.182822971509
1.73651527676
2.03201087138
1.78697461774
-0.966303612396
-6.53363858986
-1.2441636783
-0.473774433411
8.74958882878
3.21751588732
-0.296485652349
0.196086675608
0.81355001608
2.93458671482
-1.40544087249
3.0286430576
7.25758140954
1.9402439224
4.04954114766
-0.27314292727
1.81099840456
2.93458671482
-17.8514896439
-3.47638828248
1.0579309898
-2.76214969319
-1.89915962308
-1.86839285989
-1.53495442289
0.705503811398
-1.47723577223
-2.74181923854
-0.951829609422
0.162318991723
1.40687957487
1.9411634032
-2.97017153398
8.16504831481
-1.01073806424
0.0417819435368
-0.755446848168
1.15601010375
3.36695488347
-1.39043015765
-6.78310861064
0.731398402578
3.25261678111
-0.862214645355
9.52843959025
-2.95951964078
1.85144356008
-4.43432328995
-0.372073041952
-11.2806692451
5.3862224638
1.01517594892
0.608137036126
-2.73201653521
1.78298249608
-3.26577675926
2.88665517031
0.00929873973045
-3.97562537553
-4.23825257334
16.5075782952
1.2599193881
3.25572265476
-6.35181753646
-5.19361515268
-3.59812615796
2.45032801109
-0.352606627974
-0.704618396683
-2.97717443458
-0.818707952803
-4.11158606969
-5.89362683856
0.293758186697
2.67057750546
-0.473341758641
17.6953764496
23.588646387
-0.163413891972
3.18394922521
5.50182847495
-1.55344046883
-5.4612344555
0.552893688598
10.5259911917
-0.874932387228
-0.959972390357
2.14936878392
-2.23308283595
2.63358286515
2.01283217932
-2.79003994886
-2.93580897437
-6.75581189552
-4.95104620674
1.06816931165
0.536541448692
-1.30801115147
-0.899397339068
-0.00875388280075
0.76074513865
-1.30866987385
-2.79003994886
-8.88284949493
6.76439607454
0.357616335417
-1.04175782568
-0.372073041952
13.0166946984
-18.9593702717
-26.2867763746
-4.9085665209
-1.4117239744
-1.74233020186
-2.91801762637
-2.62412655706
4.12529574428
-1.07144517318
4.09282632135
3.21695836206
5.71909975932
5.54646557969
-0.918747687044
-1.21016933267
2.79121449416
0.703806433434
-0.00912894177779
-12.0009510094
1.34699164374
-3.21037102828
0.293859804588
-4.36820171891
2.29144622136
0.107920055966
1.90897812288
-4.60932588768
8.03178216397
-1.14855828804
2.47365263655
-1.05430181159
1.73924491167
0.563567037477
-4.83646030179
-1.48258932324
6.71977464397
-5.11997105919
-3.45840158663
4.10853847397
1.91698396558
-1.61371228861
3.32945158447
3.18394922521
0.423939297918
14.661102546
-6.51913722519
3.97069031327
-2.4426195789
-1.39859444192
3.75446315938
-14.695956923
-2.37570890083
-1.30291657847
-1.62949565371
1.72168777603
2.42959488018
-12.3132549498
3.56398839688
-2.73201653521
-1.13022953433
1.01391224653
2.88198752956
8.53837990478
-0.921935494761
-2.4854498924
-2.93580897437
5.47578433093
1.46764796762
2.17826180114
-1.19450318975
-3.77335233627
2.97342807109
-3.08546101309
0.679910688584
-0.966883259292
-3.76081592804
2.01676179158
2.8383815289
7.7405041539
-0.27314292727
8.18317997146
-1.02206074226
-3.69255615356
2.8054668026
4.33209916045
-16.9998699146
2.28684461335
5.18633784558
-2.55311653543
8.05193277547
0.571125697681
-4.74621989383
0.495640583432
-0.6371209607
-0.996472781162
-1.34441369512
0.893101103069
-2.23781251849
-3.27132175802
3.25749922707
-4.85991910928
-0.766269596782
8.23583267938
-4.80869167668
2.26277022613
-2.57108318731
-3.71781784722
-3.92546570854
-2.79003994886
3.17905790992
7.14974240331
1.32517412572
0.781183852142
5.90990465864
-0.495878818542
1.10173486444
-3.02490267666
-1.39378117272
2.60711054143
1.09957092269
1.30817952901
-1.39378117272
5.33874916577
5.96446174156
-0.233082461859
5.36048273545
-3.42364048136
-2.56373900347
-6.51913722519
-6.24649954385
4.59663920035
-0.775517669164
-2.69210972456
3.23196311091
2.0829254387
1.82024110183
-0.568796131144
-4.53719740257
8.696066767
-6.53971102986
-0.101657871008
-0.27314292727
-2.07169184565
-0.0588818199651
0.443500612381
-0.0467706043565
2.3974072866
2.98583090309
-1.30101872077
-1.47641949302
3.21751588732
-6.28475275512
-12.4259048245
2.04249644741
4.22364247578
-3.86186396366
4.30557919418
-7.93389182187
0.790102885733
2.0829254387
-2.1310138407
-3.90730103376
-0.27314292727
3.16643516676
3.01138042862
0.503736835625
-3.78052525097
7.16936006644
2.56584939437
5.03102891113
1.36567559099
1.71499816656
1.21741025227
0.95613571435
-3.2968657999
7.49600466133
-3.21776840142
0.535646137315
0.530707382393
-0.989953635175
-1.86500585544
-1.64275900324
0.902872183933
-0.383233459218
0.179435498221
0.323790485649
-0.49982474748
0.377181539195
-4.74640262519
-1.86500585544
-1.86839285989
-2.84252528219
-14.558689618
1.15135181011
-1.06938111241
-1.05829489108
2.66558750441
2.26572141221
-0.68345176325
-0.611813439225
-0.288146911113
5.36048273545
14.7587221526
-3.58124195139
0.128377758189
-0.612089032277
0.293859804588
-3.699064782
-0.349197187231
-16.5457994284
5.39142287849
-0.505538929533
-1.0822714394
-2.93013140334
5.19674047569
3.10548563981
-1.07105664438
-2.07169184565
1.32041478614
2.5021421695
1.08314121628
-3.78052525097
-1.61371228861
-2.92433006348
5.04659135216
-4.01115836954
2.21024399093
1.20535598932
2.52157510359
1.36806729785
1.78697461774
0.939574555272
-1.39043015765
4.04954114766
-1.34588787294
0.879683223212
-3.46815290976
-0.7710850434
5.90690316688
-1.95305932393
-3.25385089136
-4.32692558768
-2.91844494359
-21.052913459
-3.34424166488
-4.27820686407
1.36974330408
1.7624917807
-4.07239272792
-0.180596701629
2.13792879103
-0.39194551222
8.38133027934
-0.831665672355
-5.99914422232
-7.08911434747
0.28092871803
2.55795653747
5.49780641304
-0.00875388280075
-1.75124746599
-3.85283876205
3.10540072166
1.45907345025
10.7568173096
-3.39637287958
1.29857155683
-3.263273599
-3.52373829394
1.76636954345
-0.824292437213
1.41206918335
-0.372073041952
3.85721048329
10.3859431251
0.293859804588
-1.08019668812
0.305997991569
0.0798954111328
-16.1984862236
-4.0539144964
-3.66909033503
5.12790113459
-2.73201653521
3.92128531361
3.63607122448
5.50562384813
2.1857238719
-0.250059342589
2.06441247897
0.264235845177
2.42959488018
-2.79031457974
-0.183651386439
10.826440306
-3.55546188144
1.28818663294
-2.64011088438
3.63529535362
-3.78052525097
-0.844615393699
-3.01674618345
4.98488981497
-5.87065053211
5.02684503355
3.24501484745
-3.82096625155
-0.806047441896
11.9683545188
-3.47353450064
8.51624677013
-1.2215942967
-1.88612353173
0.044292873811
-1.63907019692
-1.52133819103
3.98050498221
5.46240822193
5.9167109375
-1.58411545472
-6.35181753646
1.81737736487
0.312548489263
0.0601603960612
-3.62435643264
4.30557919418
-3.4124689171
-3.78052525097
19.4175415251
0.196086675608
0.416115081334
-6.038175731
1.6493930742
0.179435498221
-1.92836013578
-2.56373900347
1.51932147186
-4.30906345865
1.71797048006
-2.79003994886
-0.0430999585254
0.293859804588
-5.89178297998
5.878397832
0.627635537564
-26.5962980285
2.17430241567
-2.03381753879
-3.699064782
0.242259674144
3.1561604387
-1.510137588
15.5113246791
-0.372073041952
2.32935237963
-0.27314292727
-2.30973917059
1.49644804394
-2.91531207579
0.196086675608
-11.2220082006
-0.789369661154
13.0110599106
-9.32852405618
-0.0467706043565
-3.38332750284
0.607852771479
-2.8828305251
-0.078031745627
-2.0097368178
19.4624784336
-3.76509731021
0.804275719524
-6.30217858407
2.01656355166
0.57643711749
-1.0744123023
-0.812769565437
-4.96935779372
-4.15313907493
-1.06367680111
-6.51913722519
5.55041647306
0.293859804588
0.699216568807
1.30817952901
-1.46366485897
5.02684503355
-2.18788474408
-0.372073041952
-1.65769638792
-0.888657948841
-2.84252528219
-1.81726964635
0.657476865277
1.24571012276
1.6221224467
2.59039389154
-2.24593324391
-1.33249101233
2.4515275381
1.4393131188
-0.27314292727
-4.04740557531
-2.79003994886
-0.375240215801
4.0471882007
4.83259963775
1.26126066141
10.563814705
-4.64163474574
2.53467032614
-6.51913722519
-0.372073041952
-1.25711862293
3.70596827983
-2.25159248245
-0.793104198094
-0.174728100862
2.29875272619
4.88378570176
-10.2548412966
-2.64069114419
-0.614282670108
3.56324069301
2.8694610033
4.98488981497
2.14250264083
3.21751588732
10.097987139
3.85766726139
-3.46533785155
17.824163832
0.698711793908
0.195212549923
0.491814451514
0.642625063707
1.55736232637
-3.21906274619
-2.63132991372
1.08314121628
-3.02282145246
2.86180723221
2.71500793397
2.27707607701
-2.46505720533
14.282053518
2.90749905104
5.03102891113
0.31837023172
1.51109874325
2.93022688585
0.495640583432
0.196086675608
4.49922163618
6.52503499538
0.857094393916
-0.148925984173
-0.082886736548
-1.51952243769
-2.57077290917
2.64235545304
-3.32942290724
-0.974080558391
7.10982176965
0.196086675608
-22.0103332287
-16.9998699146
-3.16275684299
5.35116647148
-1.51175886603
5.3169348423
-0.0487524164434
1.36974330408
3.18394922521
-17.9986832789
0.865239379781
4.84033011492
-1.83882481755
-4.10912774925
-1.06801167049
14.238305533
1.26304718522
0.495640583432
-16.4559202046
-3.66909033503
-0.375958805977
-2.26168117915
-0.50293659108
-3.82096625155
2.70815364647
0.800414607119
-0.443267927566
5.13487361309
-9.65044277641
-0.962215773682
0.293859804588
-1.53473833854
8.0746671816
-0.814369623375
-0.349197187231
-13.3035988291
-7.08473221291
0.949708451142
-5.24855069219
-0.0661303288404
0.627635537564
3.85055859844
10.1431142748
-3.22445280166
0.57643711749
0.387712019762
0.939574555272
0.0597732351518
6.09155029154
1.51932147186
-2.52459319058
-0.27314292727
-14.8254329531
2.08062282748
2.05675731496
-3.31208358688
2.01676179158
1.82024110183
3.55132997833
-0.0467706043565
-0.609954827376
-0.908175215192
-0.534956831844
7.77005905958
-1.19801979516
4.26243368661
-2.16656784346
-3.04132367437
-1.6777481104
7.16936006644
-1.70556215303
3.13270176949
-1.94476330604
5.46240822193
-63.0096517367
-1.87956233111
0.800414607119
2.30296999524
2.85199509687
12.0012731439
10.3169992131
0.222100965565
1.03426097057
-1.42486699844
12.9474927243
-0.356389150083
-4.11158606969
0.508082001007
-3.93330239701
1.54341374476
1.24674856334
2.86435364855
-1.55468411733
-1.07881185083
1.4557197552
2.48571636603
0.224876634596
1.81099840456
1.84172662582
-5.99914422232
-0.493140810543
-6.35181753646
8.7041509184
-0.430763447458
-1.55468411733
-5.24164307558
-3.02109327928
7.32942031968
2.23901205826
5.02701534211
5.68141696149
-0.978903341266
1.56726900948
-6.41113127521
-2.20858858514
-0.205278942444
3.8508144949
-3.28749814422
1.22319183052
1.32041478614
-2.71479530681
6.22828526555
-17.0693915465
-1.02244579918
-18.28562836
6.79024515078
-2.74291381848
-1.21085537177
-11.247988106
1.14588848625
-4.37179068556
-0.660413895768
-2.90331476412
-6.60466803542
-0.974080558391
4.62873994171
2.87405728971
1.35719673955
4.03966756723
5.13518285555
4.37356388167
-3.94697243365
0.293859804588
1.44318276656
-1.77232230889
0.877338111954
5.13487361309
-1.55282449494
-3.55561804955
1.76405261697
-1.52622612641
2.87405728971
3.25749922707
3.08061153185
-7.92474176805
0.542244647438
1.9345655985
5.95634623873
3.33411495547
0.179435498221
-3.78052525097
2.51759166348
-5.99702183749
-1.07448962144
4.30647543412
0.203262014736
-5.15571770791
-3.82837044982
-2.74659635411
9.70337831489
1.55368277308
1.72446298014
-0.414077639022
5.26435542142
9.77811145559
0.375155769585
2.35913084987
-0.238398214065
-2.10179432291
1.77053334013
-2.28652349
-2.73201653521
0.179435498221
-2.38607484455
-0.614816449601
0.740814607054
2.75526538738
0.989062175711
-15.7495375994
-0.775411352582
4.96822012887
-0.95869430972
7.12241520655
-4.24702413194
6.40660646073
4.45044129458
-3.26577675926
-2.90825478077
-4.00095496792
3.47956276287
1.29610101884
3.33411495547
-3.38186135603
1.31640093167
-2.5045468608
5.94641821096
0.293859804588
4.94432209035
-1.40768776387
-3.19552023271
1.36974330408
0.429656438632
1.85019206588
-1.78945979066
-3.21232020407
2.00050879986
-9.9774569137
1.58131349679
5.1679733574
0.469101101959
2.07649720558
-0.0937854230311
-2.95951964078
-2.70653238228
0.526813023693
4.0471882007
-2.53749530678
0.948616262391
3.75446315938
-0.770711659627
-14.6151526284
0.293859804588
-4.11158606969
1.68193097194
-1.74815902729
-0.989953635175
1.16621023876
-1.84585722375
-3.21695183687
-1.31851129877
-0.309389688738
4.47630721198
0.136440976988
-0.483954639094
-6.19201680723
-1.01766052633
1.13713160393
0.399455748625
1.68888432083
-1.04598594134
0.293859804588
-17.8078943941
1.38003868692
7.41366105258
0.179435498221
2.70155159944
-0.723242586594
-8.84271146175
0.703933872426
2.64668118822
4.21589972232
-3.94657681831
1.42856589997
5.36048273545
-0.689088448281
-0.495878818542
-2.97902118216
-2.74005892536
0.241186697381
-2.79003994886
0.472281263336
-2.33005971166
-0.148925984173
-0.6371209607
5.28971539906
6.90395348191
2.71554908114
2.99468466865
0.505179354765
0.935683695019
-1.08252569636
1.51932147186
4.30647543412
0.657476865277
0.203262014736
1.06476591117
-1.53413194063
-3.06355487633
-1.40768776387
1.63536158966
-6.44389898818
1.97517997155
-11.9695590004
3.34566960313
0.0349958505303
-2.77677375373
3.09947453575
6.40660646073
-1.17926162567
-1.88897184096
3.48016933026
2.35918548037
5.57470422597
-0.811398291068
-4.41998895007
-6.2931001624
-2.5332718479
1.19446736831
-1.3132242376
-2.25347899493
-1.04854428458
7.51251746353
-0.147294701914
-5.7845861323
-1.72803387675
3.80944596316
-1.8434186575
3.38983274945
0.48454846819
4.57668066169
4.07436400033
5.60478391865
-1.76948598319
-3.97182625353
-1.30859169183
-1.41362302676
6.49651660315
2.19168879695
2.73171071368
-4.15313907493
0.740814607054
11.7427141608
-3.40875039505
-25.2377118059
1286 1632
