4.94547863461
-2.38385085636
-2.25917848849
-2.01047125261
-3.20410532072
-4.78423793531
-3.9760430406
0.0769276919053
1.16430417185
-18.9636041634
2.6898502776
3.55522250094
1.95428224636
2.3622952365
-8.73826595178
-2.02987665593
-3.81597598851
0.351771919556
-0.635275183921
-0.315628616479
2.38454101461
14.1961690164
-10.7668307424
14.1847376093
4.1355869154
-7.93961264113
-1.32333691034
-1.20485655071
1.26900557969
7.62639993401
2.51649325424
4.59706398223
2.35063763374
-2.19080122945
3.12052478902
2.73134445748
2.15311126425
-0.760856578513
2.10646636215
-0.0694418562138
0.531829550426
-0.364051818173
8.13205698396
5.55883655161
0.53847037711
4.16756122483
-2.02216901583
4.27309175703
0.998723135905
-2.01047125261
1.30787630508
0.151915364218
3.8101494248
14.4051401952
-2.09625433258
4.39933572045
-3.31774524934
0.585679067218
0.165991973295
-4.5730360895
-6.19532100974
-1.65062135353
-3.49089647553
-0.0941706553851
0.357857060218
1.6605317566
2.13760483032
-19.2651289921
-2.69595501245
-7.3767722574
1.5459142635
-0.815884452207
-0.301062950571
2.38137844675
-0.291105543523
-2.761720603
21.4491013262
-13.6317074352
1.42056696101
5.67106462296
-4.25257751338
3.60930983969
-1.04319707022
15.3265785734
-2.0432306496
-2.31723147087
-7.32233265924
1.70341951468
-1.16736108156
-10.5858464416
1.61314849754
-14.7935941027
8.16522641598
-7.61681239461
1.15365187562
-1.24479922094
-1.45329539519
-1.22425830663
1.1617031947
-3.12306121086
-1.5487841903
-2.45425269499
5.38775514806
-1.09710729338
2.19238811706
2.17909495619
-0.250148665484
-2.84387571427
-6.62387358829
3.57740937706
5.45134534358
5.90937384015
5.29301092623
0.479558474943
0.323594180426
-5.43130902841
-46.770853894
3.26703082501
-2.82460506348
-1.98492885721
-2.91891758432
-0.33410516722
1.59418101682
0.200301316515
0.995198630923
1.29762317226
1.62964640677
11.253673442
4.91992756663
-13.6317074352
8.25289472559
-3.3024238697
-0.993664773905
0.0208236820856
-2.43510119265
3.71286134246
-6.64748387082
2.96301206514
-13.8988294236
-4.29606786546
4.04889707248
4.40161772841
-1.30020438703
2.40011677335
6.7424238723
-2.67424330863
7.99775067209
13.2980655229
-3.30486360503
-1.69313395527
-1.26282853239
-4.70550200199
0.998723135905
-1.40946118006
-3.15021669098
-2.90472623224
-14.7935941027
-4.18418240453
0.414739872802
2.48073400176
2.19032648774
3.16987496753
1.7303327842
-2.44380718313
11.9384915416
-1.86702469987
1.98571485389
4.5873898944
-1.67606392968
-2.00037562314
4.70593052651
1.6938147592
-0.862473436284
2.67591280977
-25.984615489
-3.78158666014
3.74971354885
3.27750859298
0.473826044318
4.00221572246
-3.57005358378
3.01943241124
-2.32924400688
-1.36785319346
-5.83217897951
6.02505031608
5.39301383957
4.2681700593
-3.89792855632
-3.01794331345
-1.0386863332
3.59583192415
-0.402119274123
16.2869422533
-1.39624282953
5.48688806687
-2.44494397606
-0.0231229547636
-0.421557491614
-4.68771524384
-6.25717006482
7.79309477478
-2.01047125261
3.19335198408
-5.4714039127
-2.09625433258
-1.08536172538
-1.88537427191
-2.49928603316
0.853519939247
-1.81482227494
5.72675764775
3.06054512315
4.86667642259
14.3455063135
0.177571450972
-2.82812819333
5.91406868783
-0.063938185678
2.80439985028
-5.12963379534
2.8660714512
4.00678531009
2.69153078119
2.05454654183
1.59493632263
0.870140497625
-4.54249044648
-7.37328517751
1.01831550104
-0.863517104389
2.24936125426
-0.318465081379
0.700073900341
-1.01875570305
1.6733477396
3.90263832064
0.0436718836051
2.89350302594
-0.235102999166
-5.45308820805
1.75073737213
-2.19606249121
-4.40047158179
-0.696329167369
-1.94356259582
-13.6317074352
-10.5858464416
-31.7189144634
-2.00037562314
0.295385045324
1.01745371208
-11.7183511242
-1.62463959998
-2.09990164964
2.40160179289
-25.984615489
-3.0057559327
7.46702414068
6.42205787443
-1.55834613482
-0.496253093289
0.949618947114
1.24683673046
10.5702106964
0.357857060218
3.10687786866
5.51799478571
-7.73373040952
-4.20301892623
0.976645815689
1.72557583945
2.76543275577
-1.3767425003
-2.46727939493
0.990022026299
-2.66602258527
-4.72174500405
1.69291535078
8.36336608316
-21.6396840217
-0.355323370767
-0.265300792086
-5.07813223708
2.01719794487
-2.98374889695
2.10514888919
7.54252713244
13.7489718611
0.235820372769
-6.94808105631
-0.397219567483
-2.95923765362
0.564959342293
-0.539116111668
-2.01047125261
-3.02946670232
6.67951984998
0.108847010157
14.6248600119
0.0473435088435
6.04478308837
1.410505034
-6.86480207352
-1.93298206726
6.02484024532
0.915597799088
-13.8946152405
5.49668892347
-0.546753647286
2.30072621233
0.00838073844264
0.537899278162
-11.5583751283
0.162736773783
0.618451430133
-0.725708980521
-3.37285193241
0.00134825784922
-4.14067839929
0.585679067218
-5.89652239246
1.89693491275
-1.64770722789
-0.063938185678
12.2441391862
-7.16258414297
-0.388181864686
1.7275627535
-3.3024238697
5.56461801277
-7.94049106199
0.630130394667
0.412384005882
-14.1188556212
3.60069887081
-5.47026311155
-0.0358538044849
4.86667642259
-0.910752978908
-3.7748408044
12.1081387295
-4.53887167285
10.0801443615
-2.05998674732
0.474570936185
-7.06559364726
11.0479855561
-0.0358299847683
-6.04339033917
6.52292806939
5.68218252062
2.13760483032
-2.55594696753
4.51743738502
1.06210057373
-2.44789170399
-1.01479493735
2.72663869312
-5.15101463195
1.68325252056
10.0647040179
-4.04882183916
4.30059564139
-1.93239754869
-3.26083950043
-0.167711306906
1.39388673526
-0.291105543523
-1.45483660244
-21.9808632633
-0.958545143147
3.09506723915
-6.69155845293
1.6372117579
-4.39322482963
0.22891634802
3.05803500408
-2.35989888396
-1.33185367347
-2.95923765362
3.21168800581
1.59099687309
-21.4650530566
2.19238811706
0.479469473317
2.76995263747
9.97505908245
-1.18803899853
3.30878528902
-0.315702271685
3.46513413764
1.62323795926
-3.28764896401
-1.38941777992
-4.70550200199
-0.893637342817
-16.6474668287
-4.31904871681
9.78283785635
-2.2063769688
-0.517352756847
-5.99256384795
4.51247618825
1.73207663551
3.39209248337
-4.82427235811
0.560422164426
3.1216737802
-4.48406633508
-3.69765107589
-0.66633769657
1.87726959027
2.97759332686
-1.71724803761
1.25586885819
-2.49611898199
0.559240083323
5.12628784484
-0.355323370767
7.99775067209
2.8660714512
9.78519392324
-0.305628660756
-3.15120501453
0.449337468634
4.30059564139
6.71634041094
4.51560638183
-4.2124555168
4.62383440709
-0.0523525988609
3.1789263109
0.715970252077
0.765849376011
-0.218952210085
1.6067929067
-4.70550200199
-0.357826521367
1.49816303462
5.22301552545
15.0980551468
1.82988557876
-0.235102999166
-5.89652239246
0.7631775455
3.30405653958
10.5449325001
3.81506418382
-0.539116111668
2.74261265828
-2.69592200831
0.61583035986
-1.23458291269
5.90896259635
2.28123133038
2.05454654183
4.6110468613
-1.88537427191
3.60930983969
-4.72424344054
-1.93676995195
-3.93056561868
-1.86535829829
1.89649678368
7.41013882609
4.7520791567
11.7620135645
2.12342062353
5.59875936452
16.8456476849
1.08966935458
4.34264310361
0.8610135544
1.90407066107
-3.06492422355
0.172796025105
-4.46847345305
-3.80971311916
-0.246565731668
0.806273380322
-10.6690460057
-0.710746627505
2.98437510985
-0.778960875325
1.57621805836
-0.869652928487
6.47007953218
-2.31723147087
4.9640194096
-2.66602258527
-1.72669952724
10.9701536275
-3.57096711765
3.7838098844
2.06276109933
-9.803596908
2.28123133038
-4.11580271208
-16.6474668287
15.5420048434
-2.8735676964
9.82834899427
12.9185642079
-1.63430398225
18.4102185364
-1.07022911121
1.69352858678
-2.26882498713
0.817757968082
-2.36154794377
-2.13644283372
-2.02465900614
9.67176663906
2.65256046482
-2.82657640364
4.6058047697
-7.44751956784
0.136295120112
0.870140497625
-1.29155130529
-2.41720916846
-1.68792492753
-2.41328064752
-0.824520383315
-1.67268859923
0.0232383633722
5.78515008681
-6.65856750272
8.75968109788
-10.2444741726
0.677724363916
6.15889198136
-15.3609708826
7.32399630171
2.45137702444
4.28100964651
-1.57809359838
29.1077721692
2.13760483032
4.22176890586
0.579490532019
-1.72501894478
-4.48447010338
-27.6724515361
2.36802097098
-2.62024334294
21.9258325738
-4.5098654197
-1.49242438247
-4.9612245458
-12.9341955797
5.27127231635
3.5975552482
-5.37041562332
-3.97753799995
6.90910494153
-4.3895963762
-13.2229480766
0.593770048365
-1.39499999248
0.887044668387
-10.9040054993
4.92962550169
-10.5824787054
3.91561037805
-4.82427235811
6.75664919436
-1.08737218538
0.882389120252
8.71188209419
-1.64268633232
4.45553739438
1.11875463386
3.86410197862
2.75186657185
1.09005860736
-0.79782067838
3.17271807844
-1.64029337186
-21.9808632633
-0.696329167369
-4.17446736204
-3.27061933243
0.519985042981
-1.49102362367
0.137129181734
-4.7779337616
1.66854937982
-10.3032215171
6.03085952313
-3.48284298461
-4.41901264812
1.09005860736
2.5427541417
3.55522250094
3.99841882716
0.998723135905
0.84455203248
0.103223336282
1.55480930198
0.154441379864
-4.6438806897
0.706613186077
-0.355597839282
-0.0652873852491
-1.04357993858
-5.3789575205
1.48445004446
0.195186875045
-0.765486562194
5.42212725315
-3.61073800157
-1.45864863955
6.6738593682
-2.49611898199
-2.93578905427
1.44729601345
10.2603775806
-4.754628702
1.1969684808
-2.95923765362
2.41155667137
-1.19493986066
-3.48622641749
1.53976888406
1.99376976529
-4.44076922941
-3.67265291586
-2.20038119338
1.36213966279
-3.29882639608
-0.393060341686
2.41073503767
8.13205698396
1.11660133155
-6.62433367295
1.6067929067
-4.71911421283
1.50254864705
-1.90570986161
-1.45483660244
-0.467208473319
-2.01659760878
1.90122779328
-1.26086412541
-3.80971311916
-3.3023995156
-0.808330164542
-1.35223551175
8.68569777429
2.13760483032
2.40267203723
-2.00037562314
2.75757178237
0.382642747566
-2.03834435135
2.09410840839
-2.95923765362
-3.00636430415
-1.99493121523
0.242611182952
-5.88451775028
1.59493632263
3.3299179908
2.3902869805
2.39799087106
1.78741683723
0.468240973444
0.195786238229
8.53932864301
2.86903350362
1.17816364953
5.00443078952
2.19238811706
-0.444964041966
-2.1177207639
4.22444513048
-2.51899543163
-1.00121532055
0.752543465413
-7.37328517751
-1.32014516297
-0.773588501139
2.99032972093
0.842073948259
8.06438420615
-18.4857649181
-0.0652873852491
7.33070498092
3.29769319902
1.32770070841
-1.59376700204
-5.29450254011
-0.215170660477
1.26900557969
2.94913642312
1.26900557969
0.189798384508
-0.487218598125
2.07689743243
-2.47755526512
-1.14530075054
3.25757103096
-2.13644283372
-0.773649747002
-0.453793810428
-2.05177324121
3.00690672739
-1.25300717016
3.8158506819
2.10412061724
-3.75541583433
1.31713299659
3.55522250094
0.270475201877
6.04153392819
3.97313171535
3.55522250094
-0.361104405411
-0.64330209112
5.41532451728
0.724922232522
-1.353464951
-5.12627081555
0.942774805684
-2.17842819442
5.06717532059
3.25757103096
5.28269890936
2.19238811706
0.975127973028
0.345989609993
0.328866557892
3.05803500408
9.38192431343
-4.29606786546
6.74800599533
-2.95923765362
1.44198943381
0.345989609993
-11.1814550375
-1.09534116174
1.44861311618
-1.37824287316
-1.12800862458
-2.02216901583
2.81085324945
-3.77494023715
0.472906554621
-3.30709018102
-2.7036985266
3.56379888696
1.17614747949
-4.54233311365
-4.62715728048
3.88957912389
-0.697756355409
-6.98455021126
-0.556567463635
4.28527754208
2.28523903181
-3.48622641749
-14.0564276367
6.60484455782
2.15684066969
-0.598107587851
14.0822259387
-6.3664653063
0.670997828186
-2.4804216753
-1.86702469987
-10.4086085532
2.0165337816
-1.22425830663
1.88784480682
-2.31723147087
1.59493632263
-5.41548331485
6.67473609589
-4.28383870018
-1.37031807412
-2.3972826893
15.0154390941
0.121810168963
-5.58823231637
-5.43130902841
-1.94005319757
-3.30486360503
5.04926632847
-1.69313395527
-1.5978727052
0.16453579242
0.178227212197
-2.00037562314
-2.89693534743
7.20726755177
5.46939305341
-3.06695752866
12.3130571671
10.4165570295
-1.2276107872
2.3902869805
4.91933342921
1.85749644344
-6.15621423226
2.0571311423
6.56603553072
-6.80948114264
-4.35482634837
4.99354881599
8.21726170583
-0.88621951622
-1.12916095547
-5.89652239246
1.58686592972
-5.32037080154
-3.65181715715
1.07501962911
1.43897253258
0.335514052031
1.06764298538
0.998723135905
8.0651829055
-3.29635524877
-5.89652239246
-7.98721959521
3.04844361808
-0.574555825268
-0.909614190861
-1.86702469987
6.49107332052
-18.118714283
-20.4954926304
-1.49887550359
1.60257915225
10.153749675
2.16918935723
-2.09833473081
2.20171629162
0.679867755726
6.69363632975
3.74071255124
7.11228363174
8.31146384004
6.3424919174
-3.98599152726
0.630130394667
-0.402172186662
1.62323795926
-11.5799571974
0.627668604622
1.11875463386
1.61314849754
-4.67776734724
3.83121130322
3.49082981038
-1.44997364133
4.28100964651
6.87792022351
-1.18377927439
0.491857402968
-0.993664773905
-4.36788111549
-0.682706916289
-3.10331575823
1.03521252393
9.04529983231
0.0349991299193
-6.62785164437
1.59826870216
0.971769250044
-2.11647054893
5.97742878465
2.3902869805
2.89350302594
19.2351908858
-2.01047125261
3.69857930648
-1.9361774217
-1.03962183333
-0.184331819134
-14.3998451064
-1.24830379939
-3.23951203044
-1.01479493735
1.59133592107
-0.680367194649
-6.4810282589
-2.97444166799
-2.31723147087
-1.47853444863
-3.82955191043
3.41275749096
3.65697478095
0.910661196812
3.88515064729
1.15985840324
-5.08304598918
-6.00738771183
2.06003031992
-3.30416550266
-2.78982588346
2.55100133983
-1.04054621231
1.22638967406
-6.84569283823
-6.30975392566
-1.33494735313
0.383022151902
4.62383440709
-2.95923765362
12.3414409833
1.20654777403
-2.07311509005
11.0197028151
4.50145864963
-19.0263495857
5.51218796437
2.11938096416
-0.364051818173
0.426208102497
4.57572038321
-4.52773481543
0.357857060218
-1.39499999248
6.55361301294
-0.146151330856
-0.102357439239
-0.841177933877
-0.312407014438
3.55902104172
-3.26010763441
0.218481188007
5.29301092623
-4.50958498726
-0.014234689519
-1.73226519697
-3.19725641258
-4.51354071149
-5.89652239246
3.35534658481
4.12185960007
0.853519939247
1.54102876378
4.11959172814
1.82988557876
-2.02155992234
-5.80365042433
2.60143442594
0.291751538887
0.999088740591
1.58326295998
2.60143442594
3.46083281276
-0.246565731668
-2.71069068525
0.559240083323
3.52107507602
0.618451430133
-2.01047125261
-3.13753039388
5.31925834394
-0.812501349217
-2.66602258527
4.03279261359
1.53347191349
1.26900557969
-1.49095682923
-3.00997065812
11.0646572366
-9.3447541345
3.43136250866
-2.95923765362
-0.15062038634
0.751744537461
0.999404347676
1.09005860736
-4.5597655681
-0.455440863064
1.92034496332
-3.38864034847
3.25757103096
-8.65213392852
-16.7421642731
8.20742563261
3.24094636202
-1.86066029713
1.56304717411
-2.09389519166
-0.0222263286338
1.53347191349
-1.99724360863
-3.3024238697
-2.95923765362
4.91992756663
2.84389484366
8.21344328612
-4.70550200199
5.46761914769
-0.616438968511
2.72663869312
-3.89591397968
0.863362186613
0.023222223515
-2.09990164964
0.607809148669
3.90882722706
-2.1177207639
-0.0358538044849
1.87440699791
-0.0931021593599
-0.0652873852491
1.18480814506
-0.330207431673
0.48992806718
-0.539116111668
-0.444794610852
-1.61966251142
2.94950224795
-4.00755613678
-0.0652873852491
-2.02216901583
-2.31723147087
-21.6396840217
0.889028003895
4.46655395657
-3.68034601487
6.45465205304
1.24683673046
0.698845745368
-3.34693302376
-1.27918028102
0.103872521046
17.169798372
-0.906321955585
2.54900028765
-1.00173870267
1.61314849754
-4.35767587291
-3.49344903732
-17.7986449409
0.966355335789
-1.93883794989
-0.696329167369
0.264296101356
1.50138363815
1.4661217043
0.736120193586
-0.15062038634
1.66144396404
2.06191404624
-4.51610029577
-4.70550200199
-2.11647054893
-2.81227035311
1.42059373187
-1.40824542097
-0.692187239396
-3.08151103093
6.62555407579
0.709850344812
0.724922232522
1.52537675346
-3.48622641749
6.74800599533
-1.52087759783
3.8497147172
-1.9111488435
-1.84119474389
1.15096305498
-1.90149260859
0.191744512319
-5.25374905178
-4.22026977623
-19.9440004554
-1.62922707595
-0.736034154099
4.65298682157
-0.74375241376
3.72513730469
-0.191435734914
2.80181370563
2.27039877639
-2.05678149589
-0.315617356189
-4.96152789111
-8.87913592263
3.12052478902
3.50292507997
3.73565942558
0.998723135905
-3.83475616558
2.68285585387
1.77085080107
2.13760483032
13.784710318
-1.62458476507
-3.40240507378
-2.15737574391
-0.76323734886
1.40829301337
-0.926277429786
5.67726675447
-1.86702469987
1.28069150797
4.72567446616
1.61314849754
-2.79518418106
3.29630788362
0.083127299055
-17.7986449409
-6.2280628066
2.97759332686
2.17909495619
-2.31723147087
-2.49723575782
2.90470291154
7.92525262845
6.2564629069
-0.127708555476
1.90407066107
2.6672055887
-0.680367194649
23.1207598074
2.69384641009
11.7656362523
-3.63136192202
0.381062261115
-3.88247373127
2.71817525879
-4.70550200199
-0.740579454902
-0.292098656592
2.17909495619
-7.4116626692
6.20648228553
5.52461552892
0.118289172576
-1.16339480158
-2.71636538421
-5.89394094407
11.8711807908
0.668779451956
-0.0368090896991
2.21131614862
-4.85221209205
1.10812132328
0.154441379864
2.3622952365
4.24462529712
-1.83331197694
-5.43130902841
-0.764560173558
0.771433446837
-1.66432110819
-0.808972292485
1.56304717411
-4.75887574863
-4.70550200199
9.47786949269
2.19238811706
2.06459275147
-13.6317074352
4.25250246232
-0.539116111668
0.806273380322
0.618451430133
1.01831550104
-2.28347440135
2.28123133038
-5.89652239246
0.806088268847
1.61314849754
-2.37894246514
4.02577094206
-0.488907568232
-20.4384475458
1.43861887432
1.76394331156
-4.44076922941
-0.652106564865
1.93993287378
2.85226563313
14.8130512983
-1.86702469987
2.35975462706
-2.95923765362
-0.91951966118
-1.20829413475
0.821932336186
2.19238811706
-12.9315586943
-0.552903085469
0.381251905633
-2.48737036117
1.09005860736
-2.55760794358
1.04235475407
-0.839435551936
-2.07691515097
3.03697984549
20.6303723183
-4.27293670925
-0.13781244229
-7.37328517751
3.21971491821
2.05454654183
0.948857860072
-0.101743769483
-3.39386698894
-5.5561187511
3.06294473647
-2.01047125261
11.7168750791
1.61314849754
3.15864357552
1.58326295998
-3.19664555676
6.20648228553
-1.15235340303
-1.86702469987
-1.45556298361
4.14221242758
-2.31723147087
4.48934781343
2.05454654183
1.69161862152
5.61236454315
-0.588176204283
-7.95430040178
1.05327630704
-1.99289341189
1.9947864204
-2.95923765362
-1.76429108183
-5.89652239246
0.15086720282
-2.22197669715
3.59120145917
0.779309038606
12.6214610195
-0.944949552713
7.48246540216
-2.01047125261
-1.86702469987
0.425391181173
1.46298730337
-0.69853687249
2.4028621725
1.09005860736
-1.67308826562
8.97444260662
2.27098726016
0.387309492879
-1.56579350558
-0.969367411633
3.40238894903
2.17909495619
2.8107918502
3.25757103096
13.2476031405
17.1437455337
-3.91416810323
16.0211876015
1.32466390106
-4.21522642699
2.71062578148
0.221662737821
1.96791869512
-1.78040252742
-2.66602258527
-4.51610029577
-2.70307331303
3.13869326406
9.49850020217
3.90436503902
-3.27750223507
10.2379253405
0.560422164426
2.72663869312
-1.8347601944
-2.43028157127
2.6898502776
0.357857060218
2.19238811706
4.50663464666
8.85619254687
-0.406520652168
0.669135230781
-2.22787901386
0.591196138764
-1.15095413629
1.84657531388
-9.99620218041
1.39006423122
8.90996120567
2.19238811706
-22.3962115523
-19.0263495857
-0.47954698988
8.57867106298
0.848799308416
5.65272670492
1.50233254732
4.65298682157
2.3902869805
-17.5953720353
2.92318311144
8.37203711467
-1.33825959851
0.0175973715463
0.189628148688
0.288362084937
0.493173912164
0.357857060218
-8.43163227168
2.97759332686
-2.43613232697
2.68940819983
-0.24411383291
0.118289172576
1.59021247804
3.00699150987
9.26056062252
-0.184705566333
-10.7146812204
2.01425150119
1.61314849754
-1.00968966915
1.56287704366
-1.60543746761
-3.49344903732
-1.99713087899
-3.04325940155
0.863814913418
-2.56849057328
3.0510423876
-0.488907568232
-0.132626279114
8.13205698396
1.28356465186
2.05454654183
-3.70802170047
1.52537675346
-0.235102999166
0.763594016356
1.01831550104
-0.477486848087
-2.95923765362
-19.5534675119
1.89208352349
2.43394051193
0.174819430627
-1.43192349575
1.26900557969
-3.88040936078
1.09005860736
7.07961028382
-1.75826231936
2.27039877639
6.60768919939
3.54893118542
4.62818847448
0.964258327497
-1.87509514757
-4.66446545277
5.46761914769
-1.40420134384
1.36975468711
-2.0312492464
2.3622952365
-109.456202194
-1.10960002215
3.00699150987
0.505818709761
3.91561037805
12.6775512075
7.3815717757
-1.38245185829
0.39090614808
1.36982684198
16.1254801918
-0.215170660477
-2.00037562314
2.41754345568
-3.82819487311
0.8394644996
0.853519939247
14.51925935
1.410505034
3.44572696439
-3.89591397968
1.50916288801
1.7689079585
1.44198943381
1.44729601345
-4.81098899867
4.00107415927
-5.43130902841
0.480382315373
3.8066915512
1.410505034
-6.60631783654
-3.4927527377
5.79911507403
2.65256046482
6.48538876246
5.51799478571
0.948857860072
-1.64660375002
-2.87458142835
-0.267629487579
0.585679067218
0.0209268192017
-1.64773739447
-2.2845600744
1.66144396404
-1.42702876573
8.59675737675
-21.1610357027
-4.23486670525
-46.4446006814
2.46542687658
0.0203040344916
3.72391384848
-10.4016071539
1.96792309616
-5.2434230142
-2.66046853121
-3.39386698894
4.19708922651
1.39006423122
3.04049732911
1.38035426013
-1.14530075054
-0.314140197323
8.58319836984
0.990965945068
1.31468261811
1.61314849754
2.41445817814
-3.48284298461
-2.01341316085
-0.184705566333
-0.833082770908
-2.49128061724
0.399224685963
0.865687983978
1.38035426013
3.67054360574
3.06054512315
-2.14950290961
3.13724939745
-2.44736521592
4.20663997675
1.95307456714
-0.539116111668
-4.70550200199
-0.285029774383
-6.71040662215
-3.69611156917
3.88926541727
0.870140497625
0.710164030353
-4.64037436765
-6.19636307263
7.93034272533
-3.29886422322
3.26503590101
-2.40258507506
-0.199602978899
2.11472784159
2.43265282143
2.06191404624
3.66337071152
-1.46904176381
4.87163207176
3.1656134696
-2.31723147087
-0.539116111668
1.1434900422
-0.571265914611
0.572083778583
5.24451295314
0.999088740591
-10.9040054993
-0.993664773905
-1.79925052235
-3.10749402854
3.2474083295
-2.56550945282
2.07691650065
1.07965651485
-5.41548331485
3.8290285867
-7.21757669779
1.67682641355
4.06240856518
1.95307456714
-3.40399725584
-2.39565895663
-3.57096711765
5.67106462296
1.61314849754
3.44802362794
-1.49242438247
-2.44494397606
4.65298682157
1.31495415932
6.35628546808
-4.53107195464
-1.7963550623
1.23577790913
-17.0015344778
2.74261265828
5.61931118267
1.35607602388
1.90983892853
-1.91820030686
-6.29211693028
0.481280554927
-0.163052371437
-2.22197669715
-1.61551868165
0.975127973028
-0.184331819134
2.43877443845
-17.1505234037
1.61314849754
-2.00037562314
-0.635275183921
-1.46291840033
-0.0931021593599
5.44707040124
-3.80971311916
-1.10838002423
9.9180908724
0.443085103929
-1.49702552415
-1.64037917504
-1.59299511135
-3.4203992106
-1.22020113399
0.678914835981
0.0755780395859
-1.6266567774
-1.66402305681
1.61314849754
-16.4725051556
0.186442093989
11.3184874226
-0.539116111668
1.72557583945
-0.240258873806
-10.5858464416
3.89640360979
-3.60173730926
3.25125382605
-5.54590169958
-0.421557491614
0.559240083323
-1.03895944658
1.82988557876
0.482361727937
-7.70331770793
-4.48447010338
-5.89652239246
-6.11831047983
2.96998261841
0.669135230781
-1.39499999248
2.93729525925
4.94544491728
7.52347873237
2.80439985028
4.77514279475
2.68425141679
-1.63430398225
1.01831550104
3.88926541727
2.30072621233
-0.790068507613
-3.83287474803
-1.99821354609
-1.993787151
-1.49242438247
3.09596106667
-8.73826595178
5.99985527554
-19.2651289921
4.86479325793
-0.948406677152
-0.0267990230214
2.272650998
2.18110279186
-2.95748813182
-1.39300420495
5.42834503311
8.4407891792
5.03765603719
2.99728660247
7.7445343993
-6.04378907663
-3.05470036925
0.259708323003
0.519092924723
0.913341830418
0.392781442542
-0.65506909912
0.223019711534
-4.04922791054
-3.6541505304
3.8104336142
-1.84694800823
4.03279261359
2.57021780914
-3.57189769116
1.1617031947
0.871787589263
-1.62168823252
-5.05115780592
3.41554006619
-0.453793810428
11.9384915416
3.19141898658
-0.512138645429
-5.72214506206
0.572083778583
12.0371743355
0.803052291853
-21.9808632633
6.29227792564
-0.539116111668
0.647683485936
-0.85353438162
-1.20870265355
-5.37890928129
-2.1177207639
7.51889488393
0.691946367955
6.28252402853
-2.15211730042
0.870140497625
-1.45483660244
-14.7935941027
-3.21846983684
-1.993787151
1.75010955082
0.336918120348
2.3902869805
2.95228511124
3.96653781702
2.50392539306
10.8718665936
-3.72355224461
2.68987777591
0.233210006481
0.751744537461
-0.15062038634
6.31477714346
6.79127696047
0.161095218502
0.692611442526
-13.6317074352
-1.24672815119
-2.22787901386
9.97164481798
0.753889574071
1.95307456714
0.751744537461
-2.01013975625
-3.49089647553
-2.76195983347
-0.294321910242
3.31597934015
-1.79097400352
2.85643713923
-6.30975392566
3.37997492974
4.78268332499
-10.4086085532
5.42773650335
1.74820835412
-2.0432306496
-20.0450042264
-4.02163250224
-1.3923006619
-2.00037562314
5.69315444944
-0.833082770908
-3.31774524934
2.06471271934
5.20199156348
2.2052229506
-8.49921886305
1.14275121858
-4.70550200199
-2.73906096323
2.51649325424
6.61201356026
6.98814672672
3.88921098518
-5.43130902841
-1.91709356454
9.79972544863
7.6894095748
6.00903894518
20.5652430307
-1.40824542097
-18.2325027408
2.28918462875
3.07004021402
5.47157938492
2.67286735959
10.4573867173
-1.14530075054
2.65959044029
11.4243967906
15.7104351296
-5.32572655197
2.97170064371
4.23797064472
-2.73784664017
4.1355869154
-5.83217897951
2.67088000936
-0.467208473319
-2.13864779629
0.189798384508
2.9683078522
-2.71134605209
0.913341830418
-2.26380186885
-5.22545421978
3.45670090977
-1.25915675992
0.871655778847
1.01831550104
-3.61073800157
9.5735005239
3.05803500408
-19.2651289921
3.4521200971
2.19238811706
0.701069724929
1.60050824429
9.04216700776
1.72713749165
5.17238069765
4.93111035032
-0.473157986335
0.382642747566
5.53645190008
0.292300222956
-2.85102544607
0.19232229823
-1.58062702452
3.03188977469
-1.01131764877
2.13955546798
-2.72527720585
0.604759530982
5.39585699805
-6.16110086289
-14.5624815292
-5.20976541566
-0.539116111668
4.20869504278
-0.893637342817
5.52461552892
0.023222223515
-1.17521945182
1.84657531388
3.95754978465
3.94305729864
-2.95748813182
-4.26494518984
-0.487160246793
-4.18519104131
0.159536998585
1.45995142279
4.51560638183
0.531829550426
-0.0381778170112
-4.70550200199
5.41467310676
-40.6625918203
3.48281557068
3.49970896377
-3.70860954503
1.01807669464
-5.87942157794
-2.17635811707
3.14429782596
-0.0381778170112
0.724922232522
3.2478984952
2.89229295361
-0.0931021593599
-2.66602258527
0.999404347676
-1.23036287261
2.93831281624
9.45629284342
-4.55164803326
0.0267052461839
-0.603560332058
-14.4020250612
-0.717098166638
-4.70550200199
-1.32758096151
1.93692969902
-0.385129995347
-4.00755613678
-18.8799699393
3.43187085935
-1.00407699009
5.41532451728
-1.86096703868
-2.66602258527
2.40935187403
-2.94703240724
-4.58960706849
1.69772954125
1.03437923285
-1.90781287974
5.85416120285
-0.885923740194
-0.0267342976792
-14.6525368487
-3.41758932279
2.94720589191
-1.89124581266
3.64730800449
0.357857060218
2.77523928996
3.83328898036
-7.83877295048
9.64235088136
-6.2456346889
2.67286735959
11.0577319216
-3.39071982827
-2.1177207639
1.85158546983
1.53976888406
1.56652392409
-4.53019541724
0.99806997232
-3.63288975211
0.626689068605
1.06699432411
2.28123133038
3.65328252417
2.63997340733
0.0444241154039
-1.72830201047
1.66144396404
0.414739872802
-3.99625375143
-1.58206298181
-3.37014637395
4.85855587227
-10.4086085532
2.19238811706
-2.70613775253
0.318634546395
1.67015428262
-3.4258747981
-6.75205951473
3.20946854541
3.68828489177
-5.34358315004
5.28873987127
-0.539116111668
2.83805751863
0.467550989341
1.50763279278
-2.80091396823
-4.76628160261
-5.40960722761
-2.24219634669
-0.488907568232
-4.61815086427
-8.43163227168
2.25630431897
-2.95923765362
1.3467561582
1.6938147592
4.17482745557
-5.16680683205
-9.94624947813
2.60306115062
-1.07182421869
1.4335367447
-0.000332798187768
-2.35989888396
1.51686299374
-0.0720783368161
9.93341270721
4.09875095923
-15.4827777003
-0.609237782365
8.15836385341
-0.499271226007
3.6172087381
3.95754978465
1.74689566849
8.41891846142
0.548652944276
2.43448017885
0.762912463645
-0.80669599436
7.87671999628
1.09005860736
0.110339312561
1.36982684198
-3.58963749754
0.975127973028
10.3321980276
5.48691998047
-1.48895377995
-1.53860261953
10.6970983798
-17.7986449409
-2.01736080924
-3.81262816037
0.135236995427
1.57271619867
0.70662143167
0.84878610114
-0.661747809336
19.099097139
-0.885014500675
-13.5506896829
-1.64660375002
-1.70153959787
-2.58426131594
11.5806257495
5.38775514806
-1.21758319607
-7.50316990694
0.398477841487
13.0078851946
-2.35989888396
2.28123133038
5.49608478137
34.4872626762
-3.20019412215
-4.47611273376
-2.33618409023
1.30029695865
3.77387835892
1.42527024201
-6.82466726796
2.79437991533
-6.71628288953
4.82624973751
-4.02584104888
1.53976888406
2.6875014745
-3.70860954503
2.28123133038
0.37131931553
0.154441379864
1.09029246117
4.6523000075
-3.19482571659
1.45376574627
-0.478263034078
7.12034505819
-10.1100096445
2.6875014745
-7.29206125691
-26.5542526381
-2.31723147087
-6.87106866213
1.65129144807
-0.167711306906
2.09905445187
1.44286120492
-2.01047125261
12.5944493118
-6.677187465
-1.20765525628
-1.40107974201
-3.81417786772
-3.64370976963
2.93230082446
2.45572682276
2.55605701427
-0.539116111668
-22.427947769
4.94341202497
0.898218783438
-18.3340001536
5.53422698922
-4.10419853146
-4.00755613678
0.998723135905
-7.06559364726
-3.88247373127
-2.21584732177
-3.71381883327
-5.89652239246
-0.629394414894
4.37750768062
7.58555597271
-16.323704382
1.65129144807
-7.79232243121
-3.83569230563
-2.35989888396
1.33343894244
18.9724412116
3.27049197222
3.03860663678
-3.80971311916
-3.80971311916
-1.24479922094
-5.28120228042
-3.98052912947
-0.234227952253
3.92873390364
1.94245869788
1.06699432411
-2.55368917097
7.83485235637
-0.756878088174
3.89640360979
-2.01047125261
0.998723135905
-0.171870481497
5.34855304517
2.03001764403
-4.9261730768
2.91987761247
4.96831797119
-3.32873758103
-2.21584732177
3.31958333363
-5.02535468398
0.956178854035
9.49912769317
-5.15275684602
-1.14211688848
15.1812374901
3.49294834307
0.136295120112
5.41532451728
-15.2371343618
-0.248495479183
1.66144396404
-4.62267046936
-5.43130902841
0.753889574071
1.65129144807
-2.35989888396
-4.78268513041
-5.3789575205
-2.19894526499
-7.74185451959
-5.41795014646
5.92904366014
-1.61339393429
2.19238811706
-0.449509112797
3.79923117232
-9.29739367729
5.32586952054
2.27039877639
1.66144396404
7.63329220948
-6.62387358829
0.519985042981
-1.73268498514
-0.635275183921
1.05588318904
-9.78731424801
-2.83657835801
15.2299562931
3.21765590515
2.28123133038
-13.6317074352
-3.74870788144
1.01807669464
6.02505031608
3.42891539115
-1.91312019073
0.493173912164
-12.1821006094
-1.48774662799
-5.89652239246
3.72780052113
2.76995263747
-1.91054188182
-4.79219462907
-10.9040054993
-1.88693836224
-0.88621951622
-18.6103110987
24.994389689
-0.0678277601865
-4.53887167285
7.55793841983
0.189974878018
-1.38245185829
0.880414027817
-5.06955977525
-0.539116111668
1.72616265472
6.93266863826
2.15665287918
3.42891539115
-0.540288965002
-3.00997065812
8.87531095562
3.01927706372
-5.14788463071
3.07113795126
-1.83745531397
1.34374862145
-24.3974089524
0.154441379864
0.806088268847
1.33343894244
5.71560705438
-7.41630501549
-4.11858890908
-9.0320064647
-2.99299220247
-9.20550133983
-2.66602258527
24.4485604571
-2.93718277989
5.91775727437
-0.063938185678
3.5127822993
-1.61127655105
-1.22425830663
1.94699399755
2.68517061774
3.55522250094
2.54344026979
-2.24480714012
0.871655778847
-2.31723147087
4.22925306209
-10.5858464416
3.07113795126
1.77042892758
-2.98943929901
-1.41679847881
-1.65115196753
-0.314140197323
2.72663869312
-5.0341348093
5.62818813079
0.531829550426
0.197775928751
-3.82580588519
-2.91179706141
2.60872447196
1.30787630508
14.0822259387
-3.4713068282
-2.04409164118
2.6615553143
1.61314849754
1.09005860736
1.26900557969
-0.425687052359
-0.928613026216
-2.17987939488
-5.89652239246
1.69143179901
-2.71750770899
0.724922232522
2.89229295361
7.52649415344
4.45891403101
-3.18871726353
-0.235102999166
-1.10838002423
-3.8308056169
-0.718678083327
-22.0432768379
5.98767948053
1.36982684198
-1.29996934044
1.61314849754
0.788533525304
-1.85257644474
-0.539116111668
-0.143702721547
0.982334537653
-1.55160564641
-2.31723147087
4.65298682157
-1.92443387131
-0.0963869311312
2.4269160203
-2.31950978398
1.16736347391
-4.52899990121
-1.35097329954
-11.1814550375
-0.652554710875
2.45218412307
-1.68251031988
0.592773875028
-8.62458595187
1.87047814612
-5.17205734264
0.348063046775
2.67719900538
11.1818943908
-4.39376004858
-25.9449086986
-2.49671642011
-0.680367194649
5.46761914769
1.6456460564
1.03061573699
1.98728903764
1.30121683861
1.69450019618
1.11875463386
13.7300449658
-0.990937115897
1.53976888406
6.93787379406
-6.15152457526
-0.753857977186
2.31510755274
4.17611195391
1.29204647107
3.22841041567
-8.62356386505
-4.70885762241
5.11618509138
-1.87195497471
4.03279261359
16.2434195256
-2.08187769805
0.83453426892
-1.80566688552
-7.26612637205
-0.682706916289
8.69362575343
-1.55748034155
1.07543759875
2.27039877639
3.42891539115
0.502347486361
1.61314849754
5.82341787439
0.910661196812
-1.22425830663
2.19238811706
2.71043055795
-2.49928603316
-1.98280287084
4.40679252608
4.44915682554
-4.71911421283
0.129877743395
-2.26380186885
-0.111407721359
2.47995008448
-20.4502189865
0.70854120689
-3.62097620816
2.02701983848
-2.94703240724
5.12292055732
-3.9002375268
5.79824802837
-6.29211693028
10.3500707204
-3.13119639707
2.96867525802
1.95486137451
10.3845960493
-3.29882639608
2.24824906324
0.664661654603
-4.42635128613
2.09905445187
1.26238113391
-2.53084899107
-13.6317074352
12.5132272687
5.89561333809
1.52187842436
-3.52051937907
8.36538755381
0.978176500222
3.75627348818
4.28100964651
1.74820835412
4.35143722411
-17.4832292568
-3.03404832461
2.91904703008
-1.40946118006
-2.16850986055
5.21692662124
-3.61073800157
2.12854197597
3.27750859298
5.55075677631
-1.85257644474
0.967668081411
-2.22412360186
3.72532037012
3.00566167176
0.8394644996
2.76543275577
-3.29882639608
0.753889574071
7.76354658762
3.6679795473
1.42059373187
-2.03628017504
-0.291096448474
4.65298682157
4.28100964651
3.06054512315
10.7409090371
3.28589273045
-0.472974707522
-4.18250978672
1.35814227956
3.88572350874
5.3491672108
0.52368529584
-1.58208695772
-6.56366127878
0.348063046775
-0.0931021593599
0.3737678
-0.286574870751
-1.88693836224
-1.12176110088
-5.3693074694
3.89640360979
-1.7556148552
-4.62996673003
-3.51174780029
4.28100964651
0.165991973295
-2.13644283372
0.0427773837826
5.47157938492
-1.14530075054
3.85678733059
14.0822259387
-2.66602258527
-3.85809321687
3.92873390364
0.72396735325
-7.68739499504
-2.66118763898
7.5542854625
-6.15578668953
1.1617031947
-1.13165409753
-3.11619321407
-0.0652873852491
-1.88778852308
-3.24525163716
0.48061512856
-2.90777888098
-6.3664653063
2.27098726016
-21.4650530566
-3.26121424331
-4.54022618473
1.30787630508
6.13911674923
0.083127299055
-5.8569143812
1.53976888406
-1.38571806151
4.5104155169
4.04847872749
-0.117590408211
2.57794194109
3.39256562289
-2.19971887992
-1.023988656
-0.920614954327
4.91933342921
1.32770070841
-0.582610644277
2.17356386655
-8.43163227168
-2.43465766588
-4.67776734724
-2.76250825492
0.956178854035
1.17816364953
1.61314849754
-4.48155603998
-3.3023995156
2.27039877639
5.41532451728
-3.95234680275
-0.37051574404
-3.15021669098
2.44683055352
-4.47561300285
-1.08833189643
-2.78063713841
6.02741669227
-3.19751365569
-0.317523369619
0.998723135905
-6.15621423226
-0.866548540663
-4.97323549099
-13.8988294236
1.54102876378
3.55522250094
-19.2651289921
-19.1265154181
3.13869326406
-0.965591780822
3.73725405164
-2.7223789546
-14.5624815292
-1.58208695772
-5.89652239246
2.39600461405
0.189798384508
-1.53133134048
-0.824540278892
1.00673789027
-3.67928859429
2.3902869805
1.47876335024
-2.32331237023
4.0003696345
0.910661196812
-1.3603241837
6.01821223123
-1.60779829868
1.55931199886
4.5652007204
3.83121130322
4.99427792337
3.08854526482
1.33343894244
0.482085608394
-54.1594869583
4.15562368057
1.1353528301
2.28123133038
2.03635259018
2.30756921779
4.62818847448
-8.7384412608
-0.680367194649
0.11862641009
-5.06592099456
-13.6317074352
-3.80971311916
-2.54099679035
0.477108116927
0.132489101859
5.48456163073
-1.67308826562
4.12342618272
5.95679238311
4.13174202557
1.71683293595
-1.50637261154
1.95307456714
11.0197028151
0.207856976384
3.17200050616
0.259708323003
-1.35522572451
-0.318465081379
0.925820385963
-0.539116111668
-0.535070228979
-1.08485510161
5.79911507403
-0.660804657562
3.55522250094
0.017086124476
4.28100964651
3.46979296852
-1.53485680928
-1.16133204022
-0.704874767771
-0.184395502039
-0.0707842383661
0.508345349189
-1.88537427191
-3.30486360503
1.45995142279
5.51212572913
7.69684077341
2.00467559667
1.87047814612
-2.47755526512
5.49081430318
4.29084897109
3.09596106667
-13.5239836346
-19.1265154181
13.0752779927
1.86260778326
-0.760856578513
0.531829550426
5.29301092623
-0.606907348172
-4.37858145258
-19.2651289921
6.85485320654
-3.53438250585
-1.71959942335
-3.3360949842
0.023222223515
0.997741172045
-0.607322071345
1.31495415932
2.31510755274
2.41754345568
-6.66376843656
-3.26010763441
1.07180945856
-1.08485510161
1.61314849754
6.44379511283
-6.21001021574
7.8751835678
-0.487160246793
16.7119102306
2.71043055795
-1.23537034486
1.410505034
-0.703181199166
-3.54571856326
2.98300878231
2.3902869805
7.81937133964
-2.45150310946
-1.51259033694
12.8194790392
3.53747056749
-1.38245185829
-2.81678011086
-4.48154349099
5.74004435695
4.90166419779
14.0822259387
7.05504798887
-10.3032215171
-3.18889033152
0.975127973028
-10.3290041248
-0.453793810428
5.30712733121
4.02470379937
-5.13652252984
3.98051015345
-5.01843303615
6.80042854237
0.449337468634
0.85422721145
3.14714610442
3.21195881183
-0.85353438162
1.63016679869
0.765725758838
0.992707999021
0.0422192050156
-3.56212976411
1.22375478428
1.52957655876
-2.74387677852
-2.81227035311
2.90573428024
3.75325744812
6.17252860137
-3.72569293708
-1.41479683672
-1.88693836224
2.56528708534
-4.17156264235
-1.1253638595
2.09800226512
-0.321164630022
-2.00037562314
-0.15062038634
1.6456460564
3.06929529425
-2.58318978537
-0.570509698713
1.03616671348
4.22444513048
4.95441296726
0.84455203248
-3.98711051956
-0.063938185678
1.44198943381
2.28853593247
2.1050832216
1.90691205929
1.10120494226
10.5449325001
2.42803077875
0.329576239631
0.189974878018
-8.11853007049
-2.69960272123
3.83121130322
2.72663869312
-0.411522812469
5.22637049697
7.96935590778
1.80424824892
-0.464806554392
-3.30709018102
-4.70550200199
0.572083778583
-0.585683073999
-6.25632412969
4.82624973751
-5.89652239246
-2.29469626503
-19.9440004554
0.558317144639
-4.66446545277
5.90663174307
-3.61073800157
-4.54233311365
2.75743581536
-1.03895944658
-3.34089687218
6.79127696047
-3.98116353571
-0.0931021593599
2.57794194109
-3.47681519045
-1.86370865986
-0.513655707447
0.313891145707
2.76108815287
-24.0149353451
-2.31723147087
-4.68365402057
-3.48284298461
-0.621995447257
5.42490470555
-0.197530517441
-1.40420134384
-1.05358979912
-22.5896372471
-2.5454391151
-4.12043638258
2.77523928996
0.627668604622
2.58181129555
-1.79302929086
-0.738882381579
-2.94703240724
4.40942468481
-2.35191320867
-2.52832990429
5.02301173634
0.22285104915
-3.01794331345
3.4371012114
9.779877827
3.03137730623
-2.05797378891
-1.06267849407
2.44230133274
14.6381077993
5.71053928438
1.21906031482
-2.31723147087
1.63890237215
2.72825856776
1.07358646242
-0.916526558933
3.45761660921
3.42891539115
-4.70035839809
10.3293453159
1.282116403
-2.19080122945
-9.56789714817
1.90407066107
4.1355869154
-2.18339638846
-2.95073506544
4.28100964651
0.0124597251659
0.170397474154
5.78212522161
-2.31723147087
2.08625981315
1.19459446784
-1.3143496177
9.97164481798
0.242611182952
-3.24891546906
-7.06559364726
-2.85102544607
-2.19971887992
-6.677187465
-14.3998451064
-1.63430398225
4.29816792698
5.00443078952
-24.7788354273
-4.04882183916
-2.22787901386
-1.89151118767
6.20648228553
1.74820835412
0.554156593882
-3.55326723303
0.724922232522
-2.09990164964
6.76346781853
-5.15200731068
-3.20410532072
9.1541685721
2.3622952365
-2.63591742833
1.15786847729
-12.0977689678
5.27921719938
2.51649325424
0.830355571937
-3.94981739278
3.93191984793
-5.89652239246
3.0464565428
1.410505034
-14.3998451064
0.253109038693
-0.487160246793
0.294304895011
10.1264628898
-2.1426770109
-7.37328517751
1.60447545886
-4.26579463951
1.90201432693
2.81238162058
-1.94859747597
-8.30983329793
-2.01202279647
-0.453793810428
1.20337444663
7.58695382988
0.219744236553
-6.25632412969
1.58326295998
2.29520254671
-13.7751023784
-5.96329897981
2.13760483032
-13.6317074352
-8.67788679472
3.31597934015
2.71530309967
3.93994331684
-0.132642618868
1.06699432411
-2.37137060726
3.02965494859
-0.487160246793
3.03942801729
1.0867103416
-1.86019741097
1.65275724813
-1.67153119697
2.99032972093
2.99652733586
3.82871027302
3.25757103096
1.10975916763
0.805543181068
-1.07925564019
2.83287674822
1.77875492716
-1.88537427191
5.90896259635
-10.4086085532
6.10906430715
-2.77154394017
3.89116079164
-3.78158666014
2.92404056706
1.00673789027
2.28123133038
7.81810043288
-1.40824542097
-3.31146847789
0.772907712718
0.365855297047
2.19238811706
19.964643181
-3.78158666014
-0.923517849893
-0.0414097015103
6.14508732949
0.537753949208
0.303895275452
-0.0643431120963
-19.2651289921
1.39226333106
-0.465136607706
-0.658145447331
-0.471426122905
8.37980360137
-8.20973636528
5.36776647381
0.371076846857
-0.100909127645
0.474570936185
-0.204851379959
-1.52390700211
2.97759332686
-0.582610644277
2.01425150119
-4.89180243533
-0.574585127743
-11.6310919943
11.6013250773
-3.87089569901
1.06699432411
1.60488003163
-1.33825959851
-1.81569990623
1.15832300525
-1.43099150763
-4.04537066747
1.90534624301
-2.66602258527
-1.38245185829
-20.8153041623
-2.82309262734
-13.6317074352
-1.64770722789
0.62251334843
4.89825716146
-34.9331150119
-5.89652239246
1.09005860736
2.68173893158
0.312081530775
1.34917538105
0.394044778877
1.31495415932
0.388632178197
6.02505031608
0.694288361358
9.25436188059
-2.19782119334
3.80708943867
5.70287016895
4.57572038321
-1.88841577808
-1.18528576405
8.37980360137
-1.75379123423
4.00250351477
-1.40420134384
-13.1043300414
1.17816364953
-1.38245185829
13.0109490366
-1.28980318765
-7.65675444903
-2.05608648167
1.22100579706
5.49314170486
104.572677111
1.50916288801
1.09005860736
-2.02216901583
8.93300661993
5.55075913
-1.76206643398
0.583563593221
2.05206331344
3.05803500408
2.75439603186
11.206109232
5.84394031995
2.27039877639
-2.94703240724
-1.14530075054
6.96261127074
2.92367239487
-1.9398648638
13.2637864327
1.61727024551
-5.28120228042
-24.7788354273
-0.982676735893
-4.6784400543
-2.31723147087
-7.06559364726
0.935041209774
-2.95923765362
4.65298682157
-1.80238259383
5.41532451728
-2.3848019686
2.3902869805
-3.1791735079
-0.446553302893
-1.72501894478
-2.03403003498
1.97579746023
-3.01794331345
5.17333894341
2.01719794487
2.3622952365
4.45189904806
9.28032501422
3.06929529425
-0.493006293218
-2.40320688911
-0.063938185678
-5.89652239246
48.1158685843
-2.54650987702
1.42056696101
-1.09017678304
-3.19210261564
-3.30486360503
-3.34693302376
3.50292507997
1.09005860736
4.99788254486
-2.44421759554
-5.40981671462
6.18616456879
-19.2651289921
-1.57647346916
-0.0517281303178
1.59826870216
1.28356465186
3.19335198408
6.19598559491
1.82988557876
3.70887797434
1.04235475407
2.28186539423
1.39226333106
2.19238811706
2.55596050804
1.76168098068
5.66434212468
-2.66602258527
2.55596050804
-0.539116111668
5.46761914769
-14.4137306647
-13.1167466758
5.33783938201
-4.76809821973
2.89350302594
3.50292507997
0.575370606251
-0.971588228039
0.468240973444
2.19238811706
-3.11619321407
-1.86702469987
-1.96028431574
0.114286433275
-4.02031127926
-2.11647054893
-0.727057419404
4.58823714
7.42558938719
1.01831550104
-3.45244453503
6.92561742626
4.31152572297
-2.55368917097
-2.13644283372
2.13760483032
2.32354142962
5.62540876195
0.920921039385
-4.08232843191
1.9947864204
3.00699150987
4.01827543415
2.33872917882
1.26900557969
3.4987815439
6.01821223123
7.36811404108
2.3902869805
-1.22425830663
-2.31723147087
2.36046583017
0.370824040299
0.534427301259
1.98933362635
5.36776647381
5.51799478571
1.82988557876
1.23252071786
-3.03081123869
-1.76429108183
0.561451332054
0.345989609993
4.58784384589
0.531829550426
0.870140497625
-1.22390542846
3.56612000962
0.627668604622
0.839094764271
-1.408606844
11.7168750791
3.89640360979
-2.07779690669
1.84657531388
-3.01794331345
-0.812457503773
-3.61671907597
1.6938147592
1.59933601062
-0.696370979424
-2.1456639603
4.05721275271
-2.5305774205
1.03333997127
1.5464367314
-4.64996425199
-4.0733926611
-0.229319780867
-0.0652873852491
-0.0931021593599
2.28123133038
0.521248804318
-2.30047207674
1.41237490247
-3.82580588519
1.61314849754
0.196536980137
-10.2255745656
-0.184705566333
1.59493632263
-1.22425830663
12.0652862228
-1.55212065654
1.23252071786
1.76048627285
-0.681099954914
-8.83116398859
-3.64581533018
2.28160871227
1.7689079585
2.19238811706
2.43394051193
-1.43311109338
-16.7674154974
-1.68285109623
-26.2564276205
1.44729601345
1.74919650883
1.09005860736
-10.2014908473
-2.81227035311
1.93371672074
9.76014631947
1.4661217043
-1.36807888634
1.00999123518
1.49816303462
10.5314602883
1.06699432411
3.88515064729
-15.0796032542
-3.3024238697
3.20637340681
-0.539116111668
-0.7310944772
-6.36971584655
-5.42281142797
2.32790145873
2.3622952365
0.0444241154039
-0.207773629329
0.722191245219
7.69705851079
-1.93959250207
6.62721081217
3.58918260243
5.90896259635
3.27750859298
5.67726675447
-6.23725658616
1.53169688868
-0.361815701255
0.611156461673
0.328866557892
-8.40288827131
1.09005860736
1.26900557969
1.16430417185
0.627668604622
0.118289172576
-0.171642943033
2.60471860157
-3.7766666611
1.76780143086
-0.330207431673
15.0980551468
4.66259517894
-2.00728803642
6.36591538235
12.1081387295
6.18518897399
0.0699646776503
-2.0944101133
8.9206796736
-0.74661761722
-0.621995447257
-8.40288827131
0.822395726923
-4.61815086427
-3.78231609933
9.27138602378
3.24519159253
2.91904703008
2.45291970867
-2.14141713534
-2.50639411305
0.348063046775
1.09005860736
5.49004043331
1.42059373187
-1.20501638057
0.912999478002
2.71062578148
-20.765104094
-1.80566688552
-2.244503347
1.74820835412
4.89779375423
-2.01736080924
-3.93647131077
-31.9242960267
1.12792679424
11.7168750791
-3.69413787461
0.744868171496
2.7572611976
0.0409224817434
-2.65263744414
-3.63136192202
1.04235475407
5.06731729437
-0.440872528632
-2.56373116515
-0.0931021593599
0.978176500222
-3.60236329512
4.58552100926
-17.7986449409
-4.44076922941
2.27039877639
1.87047814612
2.3902869805
-5.3789575205
5.38087735705
1.87047814612
34.4872626762
-2.42033826965
1.20956688606
0.249804588525
2.41754345568
1.37650252726
2.74410598616
-1.03553817467
2.73134445748
-1.34033608651
-2.00037562314
1.61314849754
-0.291058549243
-1.29996934044
5.79824802837
12.5944493118
1.06699432411
4.07926465651
1.23278423694
0.204920139884
-11.1814550375
-10.7110970701
14.5897380361
-3.94979060568
-3.62512590202
0.0772104888019
-2.04424221562
-2.66602258527
-1.19368718256
-0.0652873852491
8.47992329606
2.26872608312
-2.1157763043
-2.95923765362
4.37750768062
1.82988557876
-3.63288975211
-15.4006637462
1.87047814612
30.4024760001
3.24219184153
1.04235475407
0.110339312561
-0.453793810428
0.624325354271
-2.12330955297
-3.81417786772
2.38137844675
-0.063938185678
1.46300614983
0.70854120689
3.72780052113
-5.07813223708
-2.88606195531
-2.73735835242
2.71817525879
-1.23954694929
-1.40524867858
1.75345441378
0.530471479079
-5.89652239246
-2.82528137411
24.715583279
-6.04057787397
-3.3024238697
-0.0652873852491
2.71817525879
14.0822259387
-0.784206835289
-0.710623035848
0.291751538887
0.120444929853
-4.8587196774
0.0930413167537
-8.43163227168
2.36097003702
17.212850747
3.42992283102
-2.00037562314
-1.91095455602
2.2258159178
-5.25458115822
-10.4016071539
2.00381463656
-5.43130902841
6.96463784791
5.91406868783
7.41106181934
9.71039012975
5.25304626062
2.81085324945
1.410505034
3.98870294726
-0.40064194797
1.09005860736
9.01346630975
5.41532451728
8.4441041172
0.158206777597
-4.44076922941
2.75743581536
-1.01890265667
6.30516478343
-0.898459235654
-4.0990402123
-5.51502473108
2.75743581536
-3.05438815123
-2.62155409834
1.9119929938
0.754826139988
-0.539116111668
-1.1935676051
4.45553739438
1.01745371208
-6.80995450135
-13.6317074352
-13.6317074352
0.689734469613
0.753889574071
-4.05744139486
7.09909516894
-0.691985733296
0.606334185662
1.33343894244
-4.84942021391
-2.92160636905
-1.69059028145
-2.14222031665
1.39226333106
-0.487160246793
-2.44421759554
-1.53133134048
0.975127973028
-1.87601499022
5.25128766627
1.42059373187
-0.514441022691
1.58326295998
2.57316372707
7.17844865131
3.81093019779
-0.132626279114
11.5300830076
6.56969608829
3.33223469378
-2.33331619048
-1.86702469987
6.37086594808
-3.17585632891
1.01807669464
-1.67308826562
-1.39499999248
3.01729306394
2.70449163864
-0.925224483248
4.33584444291
0.414739872802
-1.21986547446
-4.71911421283
2.13197425376
-3.18871726353
4.93465204696
-0.488907568232
2.3622952365
-0.841177933877
1.35353225268
-1.88693836224
2.4224738941
3.03697984549
-2.78841521471
4.96726120344
-38.2830162764
-2.81371336224
5.65978221893
-2.32874834997
6.40274465945
-0.474530178617
0.864616238868
3.73725405164
-3.48622641749
10.8471318665
-1.02511502323
1.84657531388
0.295385045324
2.35975462706
-2.01736080924
3.24865614535
-2.80091396823
-0.15062038634
3.73725405164
2.28123133038
4.65003778762
-3.83641023805
-0.446553302893
3.65328252417
-11.5384065573
-2.66602258527
1.61314849754
0.854145574203
-0.123418060362
8.93484772571
-5.10216841459
-2.66754217722
7.8751835678
11.6531095903
-5.77271922135
0.724922232522
-13.6103273038
-3.28764896401
12.9333564311
0.17445167099
-3.30772041318
5.50899517474
-2.31723147087
-1.96028431574
-1.23893180657
-16.4981726532
-4.80953982339
-1.34675667808
-2.04510310397
-13.9156138868
3.60633616001
-0.697480464135
-4.24197940082
-2.81371336224
-3.67265291586
16.3747027917
-5.51913313619
-6.19636307263
0.242611182952
1.50377996101
-4.09531848304
1.10590295008
3.0294636027
0.0703992472851
-0.0358299847683
-3.18871726353
-3.62201658775
-41.5706748934
5.30061573899
9.78519392324
2.16756616884
-6.75205951473
2.55673657045
-2.09685567971
-5.90118507115
-1.26282853239
6.29370631626
-4.56383279653
-0.790068507613
9.98838162795
-3.36152363465
-2.81227035311
1.410505034
2.02701983848
-2.55368917097
-0.487113666422
-10.3503831826
-4.81436830441
4.65298682157
-2.85102544607
4.00725680648
1.30787630508
4.14221242758
6.62085153491
0.585679067218
0.558317144639
1.44135737976
3.44802362794
1.01831550104
-1.46291840033
2.28123133038
-0.710623035848
0.0893736664467
2.10552266545
-24.4098200738
0.589770207588
-2.99301310727
14.0822259387
0.899903862784
4.65298682157
-9.76706933375
2.13760483032
-6.99858858208
-2.20038119338
-6.40482796688
4.83697137842
4.75006225631
-14.1659027447
2.89350302594
-0.063938185678
-1.69286291458
2.3902869805
-4.98605278068
-0.390674199165
2.4224738941
-3.24324521072
-5.70482334221
-2.80041589003
-0.88621951622
8.39597844001
3.55522250094
-4.61768774662
-1.22425830663
7.52649415344
2.6497475347
2.81766198117
-0.796844678173
17.31319843
-1.81549043447
10.0450850084
-5.43130902841
-7.63167273616
0.803052291853
-1.3767425003
2.89523988996
-0.429207477504
13.652603155
-0.539116111668
-13.6317074352
2.65256046482
-0.487160246793
6.52292806939
0.692794261375
-0.063938185678
3.26108569537
2.03563901101
-4.70550200199
2.65256046482
8.97600880973
2.29520254671
-0.861000396177
4.17770688003
-6.71334902692
-3.74311031428
2.9535643726
3.98874409707
4.65298682157
-1.12800862458
-0.458363915132
2.63255138636
4.65298682157
2.9796682294
2.72663869312
-7.37328517751
2.28918462875
-16.6474668287
1.87047814612
1.26238113391
2.9231388715
28.1140747778
2.99036239891
2.10023359054
-5.39683761941
11.8075888091
1.41130879901
3.60165934407
2.71043055795
-0.449509112797
-3.61073800157
0.868688476012
-0.50504269723
-7.38425421904
1.09005860736
11.1941943535
-0.478934593146
0.495482028315
-7.35539264708
1.27362340117
-1.31622543471
-0.951710018733
-2.11907481528
3.27750859298
4.28100964651
12.7628160046
2.3902869805
1.61314849754
-6.05926943771
-0.0652873852491
0.0575061184431
9.64235088136
3.35773976695
0.664661654603
-1.88537427191
1.23252071786
-2.66602258527
-0.215170660477
-2.29277386221
-0.153807343184
2.72663869312
-1.53266103392
-1.59225619878
1.82437809168
0.322000059789
-7.54552951184
5.24451295314
1.58326295998
53.0898143564
1.11875463386
0.975127973028
8.03442220922
-1.26309009253
2.41445817814
1.50204017308
2.29363547247
4.37750768062
1.19737173187
-6.02514939081
-0.298420020701
1.09005860736
9.14349976069
4.57528221652
-4.70550200199
-4.65623243
12.0693050219
0.0284727537889
2.65256046482
-3.68994924015
2.2407810735
-0.796368471152
-4.11027929867
-7.56783402464
11.8290544794
0.0344477697158
1.42059373187
3.91046165998
-2.68188566598
-1.41056323259
-17.7451181878
-5.90819932755
-0.81216659951
1.90407066107
0.806273380322
-3.30486360503
-1.19353553988
9.0723752863
-6.25385819798
1.37544745381
-4.07117589844
-0.246565731668
-2.22197669715
6.81180597617
-2.60250724724
2.90258930619
1.97579746023
-4.01893848663
2.62343708137
1.24976395042
-7.87111499326
-9.28979994272
0.39110970699
-5.54590169958
5.22301552545
6.01821223123
-5.3789575205
1.61314849754
-0.0302593321516
4.28186993657
-0.268737269917
16.4128210295
8.39597844001
-5.01366534503
1.66144396404
-17.6739399241
7.18514760593
7.09909516894
1.42245249019
0.0257803254457
-0.942125414129
-4.47561300285
-0.301525545335
0.763375168769
-6.25632412969
-4.05532296585
0.114286433275
0.123585802529
-1.70153959787
-4.28839325475
31.0396491314
-1.96254820579
-0.117590408211
-0.696329167369
4.28100964651
3.70686993842
-2.17604993594
7.77079026198
3.59583192415
-1.82040792833
-1.22020113399
-1.93259567175
3.42891539115
-8.30983329793
2.3622952365
0.479408085752
-0.0533818093084
2.19238811706
1.25586885819
-1.60779829868
-4.35180347248
-0.21911139787
-4.79219462907
-4.33544744187
4.19023001128
17.843596308
0.317545004301
3.24176216558
4.6110468613
-4.3086624119
5.06880891834
-13.6317074352
1.11875463386
13.3939961016
0.611156461673
-0.777235856598
-4.35767587291
1.74003263688
-0.204496165857
-0.560699458305
2.47307198711
-4.11026766472
-3.27127967297
-2.95923765362
-9.10305568896
2.56898495037
3.55522250094
-1.34033608651
1.54271309205
-3.30709018102
4.93465204696
6.11568513788
1.94338698547
2.64809797054
-2.55316571019
1.7689079585
8.15011988204
-1.40420134384
-0.488907568232
1.35911049812
-7.87111499326
6.81191400141
1.7689079585
-1.65021576829
2.32354142962
0.871655778847
-1.42864538794
-0.0267990230214
5.42798690666
-7.36197583444
0.0300469859518
-2.01047125261
3.45761660921
-7.35222734298
11.5557718149
1.33808979226
-16.6474668287
3.14714610442
0.999404347676
-0.956911370648
-2.31723147087
2.28530419268
-0.477486848087
-17.5953720353
3.8174023045
-5.1216495259
6.60768919939
0.998723135905
3.10815777474
5.61931118267
-1.58984722612
3.12052478902
-4.35767587291
-1.60652948608
4.74115117144
4.5248448389
-2.04054545896
-1.80511023913
11.7172658236
15.5493926071
-2.02383856473
-0.191435734914
-1.93959250207
-17.7986449409
-15.1418855275
1.7689079585
3.49896659796
4.58823714
-2.17905120641
-1.86702469987
2.43809635437
-11.2943561976
-1.45691580455
2.65256046482
-0.628698484525
-0.0652873852491
2.20898343286
-1.23147665057
15.9035521667
-0.117590408211
6.03929980091
2.9472392079
0.752543465413
-5.40821291796
-3.24324521072
-1.92486513802
2.69384641009
1.53976888406
-3.86641238069
2.28160871227
-3.55442864388
6.613367619
-2.37310675815
0.345989609993
9.74765448727
4.77455336083
0.174614120219
0.0124597251659
1.70344614555
0.531329808902
-3.78231609933
7.76035100634
-1.14530075054
1.21798235046
-2.78173917118
2.51649325424
-0.204496165857
-4.53887167285
1.42056696101
-2.61809480086
-1.69313395527
1.9031531937
1.70934029256
-3.80016297964
-2.24995811966
0.753889574071
3.17271807844
-0.539116111668
-4.51712205569
-0.596045194838
0.189798384508
-1.14530075054
3.60930983969
0.527219996908
-1.69059028145
-2.29277386221
0.340906661121
3.19516003001
-3.3024238697
-3.91955798911
1.45256748024
-0.184331819134
2.76358548543
3.56612000962
-1.40946118006
-2.00037562314
2.51649325424
3.90676491294
3.173533364
1.6067929067
-0.425687052359
2.22395697299
1.8110204577
-16.7421642731
3.38777367071
-4.21480409853
-6.57182346914
5.75063524967
-1.22425830663
0.357857060218
-3.04377161381
4.28100964651
-2.56550945282
-1.16339480158
-0.0166655131308
-2.45425269499
5.78212522161
0.70854120689
4.65298682157
14.0822259387
3.44802362794
-0.12845200604
1.59493632263
0.695580359376
26.7819287504
2.41754345568
-6.6683035161
-1.87622994609
-0.808330164542
-3.10385859368
7.56858450387
2.27039877639
11.7656362523
-6.04491415586
-1.16682543845
2.77412618625
-0.534872363516
-0.453793810428
-2.66602258527
6.76802700452
4.14288406123
-4.80953982339
-1.88693836224
3.25757103096
-5.75682023649
6.08947596208
2.30273400289
0.0712237019393
2.19238811706
5.22979521026
0.0473435088435
1.53976888406
-3.79612245069
2.3622952365
1.31495415932
-3.79245867372
2.19238811706
-8.6683317032
5.48456163073
0.0727514272348
0.95980615495
0.947219704698
0.20031238958
-7.98721959521
-6.9922930297
-0.901259338849
1.19650058313
-2.00037562314
-1.63296883444
-4.79219462907
-0.0652873852491
-1.26495343964
-5.0341348093
4.73153400292
10.1247965969
15.9952908563
-1.70153959787
1.33343894244
-3.44188559606
1.46298730337
-5.47026311155
-3.78231609933
-0.336575940336
-2.01047125261
-4.67776734724
2.06276109933
9.20945279153
-4.29606786546
1.59115443928
-4.16531093998
-3.31893497883
-7.65231717051
-2.02155992234
-4.17744680178
0.519978626963
2.28123133038
-3.81417786772
-1.88693836224
2.93230082446
4.22176890586
1.70635522951
3.01824084203
2.8988692043
3.0510423876
1.44198943381
3.50980559511
0.956178854035
-1.06638927101
7.31423842006
1.33181996339
-4.95869328728
0.348063046775
3.17318703003
4.58265393778
3.58361812958
-2.52348982121
-1.88537427191
-0.0746097976979
-3.26121424331
3.20307858616
1.73909643031
-1.70153959787
-2.0105523081
2.17909495619
2.33080132112
-4.00755613678
-5.89652239246
-0.487160246793
1.59115443928
-3.29737975261
0.0114918455871
-2.86536952986
-14.6431154527
3.39256562289
-3.85809321687
9.78519392324
-0.920081186439
-5.89652239246
9.30505302048
-1.09818816645
-5.99649118458
-3.70369079466
-1.69286291458
-0.617554665896
2.90141366948
-2.32243809846
0.348063046775
0.933204548135
-11.2742677954
-1.14530075054
1.87047814612
-0.41516362512
-2.35428218797
0.531829550426
0.980609797516
-1.20751263152
-2.40235221605
4.80902857125
5.92805556404
-6.18256569499
-1.03933733826
-2.54650987702
-1.32666645051
-4.52854789902
0.35492159934
-0.586357007719
-1.76184778456
3.38001453262
-0.796368471152
0.77116038807
0.316832495572
2.75762933877
1.56560011237
-0.773649747002
-2.01659760878
1.32770070841
2.54900028765
-2.00037562314
2.28123133038
3.5053252068
1.09005860736
2.28853593247
1.30787630508
-3.94981739278
-4.40590327404
-0.427028802109
-3.39386698894
-3.61671907597
0.745741493811
-7.28560191031
0.100634192269
-2.95923765362
-1.16339480158
4.20663997675
-16.7421642731
1.25526563925
-0.407612564173
3.46083281276
1.17614747949
0.848964133206
6.64126618499
-0.487160246793
-1.45483660244
1.07358646242
-0.063938185678
3.58918260243
-0.629994677035
0.828475466233
-13.778069838
-8.17630944498
-2.99301310727
6.81180597617
1.58326295998
0.971769250044
5.60641138973
-0.942510619229
2.14044264652
2.33872917882
-4.41264848988
1.42059373187
12.1080197505
-2.87076117735
0.0344477697158
1.76348458698
-5.69057946954
4.07608145785
2.23215045869
-3.02227213855
5.90937384015
-6.29579680344
-0.0941706553851
0.806273380322
7.0791966512
-2.00037562314
3.20420710515
-2.244503347
-0.0963881850388
-1.76776566517
7.67169472365
0.996101712696
-1.40420134384
0.236597980108
-0.326783492885
-1.33202029781
-0.680367194649
-2.60042583978
0.198900016538
-0.660804657562
-3.3024238697
1.58443468162
0.189798384508
-1.56207577198
-1.59376700204
1.19958749075
0.853519939247
2.22944082054
1.72051116658
-5.12627081555
0.736120193586
3.98051015345
0.0224934629544
-0.350347965696
-4.09466748888
1.60899032572
8.32569291856
-2.00037562314
5.25128766627
-20.9228021151
-4.08231168856
0.348063046775
-1.69643019717
-1.57370344244
-14.6309414908
-2.97653948227
-0.825185846125
-1.993787151
-3.03081123869
0.70833740341
1.12164877028
4.17770688003
-22.427947769
3.50603789157
-2.73217824221
1.95428224636
-4.56272684126
-7.80210509138
24.2178283017
1.26900557969
-3.89927409848
1.33343894244
2.97759332686
-8.09157524166
4.08179965961
-1.60639828785
2.67591280977
-4.54784263372
1.69546242653
-14.9882934289
-0.165253586128
2.3622952365
4.67980622182
-1.62168823252
-1.60639828785
0.123585802529
3.10514693481
-0.573391193683
9.10005510281
-2.3972826893
-1.87912393952
8.72589606937
1.63712648994
0.357857060218
-1.20485655071
11.9384915416
2.06459275147
6.00881892665
-2.3972826893
-3.92974947031
2.00467559667
-0.213499777714
-6.87226097237
23.3443176532
1.18116160135
-14.3998451064
2.71062578148
5.6752410211
-1.6860983235
-0.163052371437
-19.2651289921
-0.252178028638
-1.52702351741
6.62721081217
1.28024961158
-2.60974610827
-1.96232838853
0.801237577969
1.08124029298
-0.784206835289
-7.01933809808
1.98930457429
1.26900557969
-2.00037562314
-0.84384001214
0.879645757165
8.33291943579
-1.58984722612
1.18759945727
1.410505034
3.72220359643
-16.6474668287
6.70809506165
21.0572001376
-8.74431644942
3.56050989187
-4.56383279653
0.976645815689
-5.79663677266
-1.22390542846
1.30148524898
-3.58812584463
5.35781721231
-0.000297120483851
2.07915416913
3.59100220275
1.26238113391
-4.75887574863
4.14221242758
-7.65675444903
-1.76429108183
4.22667398643
-4.21719660882
3.59583192415
3.17271807844
-4.28518402873
-11.6310919943
-1.37761711813
-1.0586285371
2.65070450276
2.60143442594
-10.5257350327
2.28123133038
8.39237522155
1.53347191349
4.28100964651
-4.47611273376
2.71062578148
-5.26072877575
2.41445817814
2.01549458435
-3.51142996556
3.51956888711
-16.2743017372
-4.04882183916
-5.89652239246
-2.93019588205
0.836772626391
-5.43130902841
0.910661196812
-1.30239412429
1.43897253258
0.493173912164
-2.96075732839
-2.33334772391
-2.28347440135
0.820004773937
-4.70550200199
0.0536528313857
-13.6317074352
-0.0652873852491
0.471603438732
-2.2085473838
17.4426570834
2.33813990941
-0.453793810428
-3.28267696542
-1.86702469987
2.33872917882
-5.5305022766
6.20648228553
0.345989609993
-3.51174780029
1.63564856207
-6.02730737752
-2.02216901583
-21.6396840217
-4.29215086507
3.75888979175
8.73498651848
-3.46699510142
-2.06766026778
-2.06296482052
-10.5612607751
-1.88693836224
1.67273778913
1.67682641355
-0.885014500675
3.52304640318
0.913341830418
-4.70550200199
-0.234227952253
0.481280554927
1.53347191349
-4.70550200199
-1.00328841599
-3.07395754295
-1.25762181513
-0.427890751545
-0.444964041966
0.959171514998
-2.60876744335
-0.661597180622
6.41401779917
-1.63874649044
1.72557583945
4.89049766169
3.17677176148
-5.5305022766
4.41625253446
0.471899613271
-4.40734347263
0.602419554676
-1.53133134048
2.35802779933
15.0980551468
2.44230133274
3.73536188388
8.61864681898
0.612227666426
8.11314123404
-2.59908995582
-2.31723147087
8.96332888252
7.33105064022
4.01796382817
0.0536826740443
7.02176465273
9.62943446228
1.99903433704
-0.117590408211
-1.19740807657
-5.0341348093
-7.72815098755
0.649241249049
-0.539116111668
-0.153807343184
0.692794261375
-1.68285109623
1.61314849754
0.585679067218
-1.24830379939
8.98524551888
1.95594252143
5.91406868783
0.736120193586
0.751744537461
-0.845692752399
-0.582610644277
-6.94722351572
-0.539116111668
-1.75826231936
1.61314849754
-0.0652873852491
-17.7986449409
-0.0652873852491
-0.773649747002
0.676675534913
2.32965555844
-0.796174849372
1.43199458414
0.170714381459
-2.02383856473
-6.80063234785
6.02505031608
2.19238811706
-7.61671966836
-4.07117589844
-7.43267854276
0.267480446741
-14.7935941027
-2.29469626503
4.23853986412
5.61236454315
-3.63808928642
6.05320070129
-2.48496392517
3.1783291059
3.8101494248
-2.47936181617
2.02701983848
-1.16339480158
6.31805737535
0.357857060218
0.998723135905
-0.0598630870799
4.20527800742
-2.41413763019
3.99331410455
-0.129644045936
4.64222547449
-1.86747606087
-0.0267990230214
-0.235102999166
3.05499728152
0.473020879057
-1.1879401972
6.13993959107
4.41429056515
1.23155812703
5.97257869914
5.18605976862
0.10637261104
-2.01047125261
-2.33967607528
2.93230082446
1.24315444827
5.05026208519
0.379786681861
3.4943468753
10.5449325001
-0.538852674927
7.99775067209
-2.19971887992
-3.46568023897
2.13760483032
3.7173652219
1.69540264937
-1.69313395527
-1.29205855779
-0.453903214827
-0.539116111668
2.5190228068
5.50442603005
-4.36538581851
-1.47853444863
-2.01047125261
0.888315028655
4.7520791567
-1.47534394037
4.67147138325
0.221662737821
-3.55326723303
-1.92386297103
0.968596219592
1.1944567586
-1.41350925248
2.10646636215
-2.11433489439
0.519985042981
-0.954804757748
6.4634334412
-0.582003803918
0.0344477697158
-3.78207292177
1.03061573699
0.189974878018
-10.1793250403
3.54554898139
-3.94046202941
0.54736234122
6.08127552685
0.283279602314
0.270142535067
1.10877058621
-5.10768694838
0.351215353879
1.31989756428
6.08028193527
-7.26885961321
-1.78157492701
4.82104135486
-1.16682543845
-0.0991503353906
0.806273380322
2.12854197597
3.92873390364
-1.05852276037
-0.0267990230214
-4.06725006335
-2.01047125261
-0.107152344186
8.42155407748
2.97896867339
4.28217424939
0.493173912164
-0.736034154099
1.61314849754
-5.51925661214
-0.291847494305
1.37650252726
-2.49611898199
-1.86242157593
7.98689311487
-0.0390094997581
1.47112450326
10.6368414117
-2.30904925093
0.0779674127069
4.22444513048
1.74820835412
-2.04076891191
6.00881892665
-1.88069200867
1.09005860736
-45.47814606
-3.42277818324
1.89753609216
1.35589266556
4.22444513048
5.762845574
-5.96368033188
5.41532451728
-5.87751628739
-1.86702469987
1.35353225268
12.9333564311
-3.89050302544
3.31394207407
4.58823714
9.36583809874
1.09005860736
1.01831550104
-1.53133134048
2.24324584748
-1.4623050005
-3.30709018102
-3.29882639608
-1.42905097318
-1.26282853239
-0.487113666422
-0.0744090660339
4.67794388738
-3.72620452117
-3.06289590319
-1.77515072554
0.627668604622
12.0371743355
5.90937384015
1.50254864705
-4.82427235811
-1.01479493735
1.82988557876
-7.95601839582
-1.94615119546
3.60930983969
0.244105099499
1.18759945727
-1.58208695772
2.13760483032
1.34183196711
-7.26545959069
7.74779493306
-1.24830379939
5.54152570034
-2.53084899107
-3.61073800157
-1.36813901875
-1.4623050005
3.14714610442
0.846479432405
-1.63430398225
1.09005860736
-2.24760015358
5.58079979404
12.5706626177
4.55865677213
1.53347191349
-3.85594226686
2.94387924086
0.0422192050156
4.15930958629
-1.34033608651
6.86282091779
-0.40064194797
1.27703906176
-3.19210261564
3.16657782046
14.3093524239
-0.236550970059
3.05803500408
-2.39108565829
1.84657531388
-10.4891627537
0.207856976384
-1.60952816257
0.277882286794
0.853519939247
-2.4804216753
3.14714610442
5.75029409254
0.35581635602
-1.16339480158
18.2863407625
-2.37137060726
-1.86909880686
-3.17453276604
-0.453793810428
-2.81227035311
24.715583279
-1.64246479695
1.56867719493
0.129483954257
-16.6474668287
5.9026435728
1.77852668354
-3.42784752907
4.07344562346
1.26900557969
2.05170598824
-3.71848330575
0.357857060218
-0.738457813163
-14.8243801257
-0.700174959321
-0.0652873852491
-0.014234689519
9.14349976069
5.01386021082
-0.0652873852491
-0.314140197323
6.11304986638
-0.773020374443
-31.8730309612
-5.17613227927
5.54152570034
5.27150359676
-0.239730757643
1.99730557953
3.39256562289
3.6500975134
4.22482222149
-5.91522480424
-8.32213971315
-4.06725006335
3.03910386976
-9.51188541171
-9.99620218041
7.55253487683
-0.725708980521
-1.23147665057
1.26900557969
1.26238113391
13.7179762533
-16.4725051556
-4.61768774662
1.09005860736
-20.0450042264
5.91406868783
-2.79380457362
11.5702482157
-1.31622543471
0.335514052031
-1.63430398225
6.34693625032
-2.01047125261
-4.80463857903
-7.95342368531
-3.30709018102
11.0646572366
1.34917538105
-2.73735835242
-3.55431371736
1.50763279278
5.37938938373
-1.01479493735
1.282116403
-1.9361774217
6.68839049299
-1.86702469987
3.55522250094
-2.1177207639
2.05454654183
-1.03895944658
-2.22550419811
6.21436636719
4.3791794636
-3.89417504954
-0.539116111668
-2.70307331303
6.07132529172
2.19238811706
0.207856976384
1.78578304873
-1.25762181513
3.88414855902
0.0589151793964
1.37243123452
5.54152570034
-0.508706235594
-1.96231990415
-10.2036218208
0.0308734050754
-23.9145491649
-4.20325126954
-0.939848010968
-4.67776734724
-3.12939398137
2.38454101461
-4.03745165461
-2.27775493236
0.16439426088
-4.70550200199
-1.55834613482
5.24451295314
-4.70550200199
5.91406868783
-7.78627940097
-3.51528719389
3.90476952936
1.48461729042
18.3741012108
-2.39526752331
-2.22031018956
2.45558140074
-3.00636430415
1.09005860736
2.93943693326
-2.13752042796
-4.70550200199
-2.03067399985
-0.291847494305
15.4319323149
-1.55667957858
3.02306810358
-0.0540239422761
0.019468432854
1.62985881206
-1.61899785741
-0.804466415491
11.4327748246
-2.52136450627
-6.5487500337
2.63997340733
-2.7231653236
-3.42036685719
1.22638967406
1.62642109404
2.93297392547
1.72557583945
-1.18803899853
2.71316958337
9.27115188512
6.74800599533
6.79127696047
-3.53580988443
-1.00866285521
-2.38385085636
2.93729525925
-0.862473436284
-1.93239754869
-1.80318197955
0.643639009396
-0.912849288578
-1.88537427191
0.956178854035
-1.52526420212
-2.31723147087
-8.31919262843
-5.77808255658
0.890326939869
-1.86702469987
8.42800347574
-5.53931287934
1.08966935458
-4.10938479163
2.05454654183
0.0320024802351
-11.6310919943
17.3453918544
0.361160024609
2.33872917882
2.12854197597
0.0515830170831
2.71043055795
-2.41720916846
2.3239655744
-5.89652239246
9.89893955111
1.44286120492
4.38162423215
-0.291847494305
-4.97729274875
-8.99915020651
-2.77752425683
0.348063046775
-4.24037021114
1.26900557969
-0.101743769483
-0.756878088174
1.09005860736
1.17614747949
-1.70026005739
2.41754345568
1.96967883536
3.05803500408
1.45995142279
0.0344477697158
1.44286120492
-0.360370068266
0.531829550426
-24.3368996456
4.38611702341
-4.5053083051
-2.35989888396
-3.48284298461
-2.19971887992
-1.44997364133
7.80738610747
2.07499868192
5.40533749064
3.99895623498
0.348063046775
-0.488907568232
-13.6317074352
-1.14719103054
-2.75634386343
4.23642278653
15.6196237093
-1.80075578495
-4.05711218562
1.09005860736
1.20834945543
2.28123133038
-4.3467550122
-0.407612564173
0.750330464826
-3.27622015669
-0.235102999166
4.4317457402
-2.02155992234
-2.86517795277
-4.11304384526
-1.24830379939
-2.49128061724
0.981663061643
-1.49095682923
-0.235102999166
-4.70550200199
-5.28120228042
2.28123133038
0.356708148162
1.59826870216
6.21436636719
4.66376368664
0.295385045324
0.77686428941
1.09005860736
-0.487160246793
3.69966055784
0.953991396782
4.65298682157
1.35607602388
1.01831550104
-5.62155182895
0.85422721145
-5.37413775044
10.2395140401
-4.58686540969
3.83121130322
-1.01581835994
0.481045237841
6.74800599533
-7.68231133057
-1.75722155565
-2.54721322904
6.97338578874
2.80053417952
-0.458363915132
-2.11433489439
4.00250351477
2.12854197597
1.25526563925
0.611156461673
-1.88537427191
-0.938036394991
1.70341951468
5.3649109516
1.52601147083
-3.21636561188
-0.207773629329
13.652603155
0.545694153426
29.0732466406
0.0550634723098
-6.64194819635
2.19032648774
0.627668604622
-1.29996934044
-3.69455933496
-0.992654030761
-0.235102999166
-0.539116111668
8.20742563261
2.12342062353
-4.61815086427
9.78519392324
1.25608134486
4.48254168833
6.09229750293
-5.37578085253
-3.06695752866
1.95307456714
-1.46074521345
3.54496316011
-2.01047125261
-4.67776734724
0.885858542097
2.72663869312
0.61822561801
-5.28644245543
-6.29797886238
-14.7935941027
4.28100964651
8.25074421754
-1.23301310477
3.49294834307
1.31183195034
3.68589745653
2.06459275147
-3.4927527377
-0.819370473535
-2.15211730042
-3.82229517752
2.44683055352
-0.0931021593599
0.572083778583
3.89640360979
-4.67776734724
0.724922232522
2.41754345568
7.97074886106
0.448101951646
-1.85087211271
1.49145727507
3.14310695198
3.73725405164
-1.10653214092
-1.23147665057
-8.29875784361
0.66906819294
5.84394031995
5.77553711568
1.23252071786
-2.70435451167
-0.980826047261
0.975127973028
-4.95742343996
5.22301552545
0.550425126459
-2.09389519166
-0.539116111668
-6.42668245263
9.83518849134
-5.89652239246
1.61314849754
-0.993664773905
-3.57005358378
3.75589794973
-6.85778718644
-2.62952936408
-0.539116111668
1.60488003163
1.7689079585
3.07991002952
0.478975340316
3.21795970647
1.25586885819
-1.78043798886
-3.18871726353
-0.444964041966
-2.70435451167
7.07961028382
1.97796024969
0.267480446741
2.29193457872
2.9231388715
-13.6317074352
1.90691205929
-2.23137559463
5.4440777538
-1.74750619149
1.9189197703
-1.38245185829
-1.22371341563
-0.468900002161
-1.38245185829
-5.15101463195
1.61314849754
1.11802041036
-10.3927119453
-2.85399498366
2.99652733586
-3.66441848298
-1.32678309223
-4.83476585204
3.39256562289
-0.539116111668
2.28123133038
-2.00728803642
3.71129549328
-2.54827261322
-0.0652873852491
-7.65675444903
-7.87111499326
0.336660201365
-1.48486156732
1.26900557969
-5.34994495825
0.627668604622
-4.11304384526
2.71530309967
0.103586901853
3.13869326406
-4.5901745501
-0.862473436284
2.3902869805
1.1617031947
-7.68231133057
16.0744626577
-1.62798979132
-16.4725051556
2.20469810629
-1.00866285521
1.76478856888
-4.44076922941
11.4243967906
-4.19067674402
1.96791869512
-0.348723532629
-2.16850986055
-6.71410623914
-2.08352997723
5.5870842008
2.00283525921
-2.99993152764
-1.58206298181
13.5339364662
-8.22902983998
1.03061573699
-1.30263960906
2.19238811706
-3.27622015669
4.35986846035
-1.71117522701
13.1922369668
-2.14878143953
4.82961835952
0.975127973028
3.37854120873
-0.467105960672
1.70977496596
0.117041828113
7.33770703762
0.207856976384
1.7689079585
0.598625915762
4.5104155169
-0.0267990230214
-0.223970206184
-1.91444914079
-3.75541583433
-0.15062038634
-0.453793810428
0.204461168541
0.8394644996
32.9527218473
-1.66127816788
8.77865303367
2.44619445349
5.65151985407
-0.994189800786
1.282116403
0.123585802529
-0.633298678667
3.24176216558
-16.6474668287
-3.61671907597
9.79587587758
4.62818847448
0.676675534913
-2.13644283372
2.35482652118
-2.36356643778
0.328866557892
3.4010011515
1.56620086253
6.22999030825
-5.13652252984
1.67582628638
1.01831550104
-2.95923765362
3.98983556456
2.33752372431
14.9410553614
1.50757682217
2.75649862631
-0.872882853917
5.13326555752
-0.262650951114
5.39301383957
-3.27750223507
-1.33185367347
6.09229750293
-1.91095455602
4.5652007204
2.22635300899
2.39075649669
2.34592435134
1.04235475407
-8.97718498539
-0.728180100065
-0.88944663414
1.1944567586
0.73172721744
5.54152570034
4.88056282021
-3.87904795333
-3.67928859429
-1.60952816257
3.94483283693
-5.28644245543
2.11272667507
5.45368929867
5.43160160927
0.563359661386
-6.4810282589
-0.405454215079
-17.7986449409
-0.784206835289
-18.3165977208
-2.92997654328
1.09029246117
-3.5927215626
1.7689079585
1.74820835412
0.744780641696
1.87252130407
-5.09819491536
3.01943241124
4.62818847448
-0.0643431120963
-5.34358315004
3.29769319902
1.42059373187
-5.02621857435
-0.811474196419
0.537899278162
-0.199602978899
-7.22682776709
5.25342843194
1.410505034
2.84389484366
-4.53019541724
-1.76429108183
2.54900028765
7.07093944085
1.53976888406
1.98902619661
-6.25632412969
24.715583279
5.31502822738
2.69554529566
2.12854197597
0.317324757645
-0.682706916289
-0.756878088174
-3.13827052313
1.87047814612
-1.49887550359
1.8058462211
1.01831550104
-8.43163227168
-1.55679288824
-3.61797215404
1.6456460564
-1.29571867849
0.941148752179
-3.53763837408
-4.06725006335
7.98151245773
0.863814913418
0.209455878502
-8.43163227168
0.0771560788889
3.20179381992
5.13198387194
6.60768919939
1.66144396404
-7.82801856991
-2.56974622406
7.47581823262
4.71617343642
-1.38788134449
5.29725710874
1.28024961158
1.14391435022
0.971769250044
4.037139096
-3.29886422322
-5.91522480424
1.61314849754
-2.62175293391
-2.35989888396
0.10029960882
-2.01047125261
1.29762317226
-0.645460932561
-2.01047125261
4.5652007204
-3.78455411253
0.624325354271
-2.00037562314
9.34003495428
0.854145574203
-3.9459861357
-0.132626279114
4.89116556058
-0.869652928487
-2.66602258527
-3.65173308768
-2.7231653236
-1.63430398225
-2.71622024874
-0.46744041096
-0.756878088174
0.48992806718
2.04211524788
-6.19636307263
-3.91955798911
1.89891878055
1.37650252726
-0.906321955585
-1.86702469987
-3.82792835017
-2.57657869253
-0.184705566333
-3.89591397968
1.74820835412
-0.876602916815
3.27750859298
-17.2251947207
-0.15062038634
4.37750768062
3.20248072908
-0.862473436284
6.74800599533
4.77808905184
2.77523928996
5.42798690666
0.413601736369
-4.06125224178
0.66636756538
-6.02882117379
0.00171767150413
7.58695382988
-1.70153959787
1.30787630508
-2.28171549047
0.304816732878
3.28815570896
-3.98075077518
0.242611182952
0.695580359376
-4.7234486733
6.52337564217
-1.59376700204
-5.66254963667
-4.71911421283
3.05803500408
-1.61899785741
-2.18877433782
-1.03962183333
-3.27750223507
-6.42279382451
8.77865303367
-2.40320688911
-7.0913869652
-5.97972808648
-6.96655785648
17.8302129538
-9.03147156052
3.86410197862
3.89640360979
3.86435011588
-1.23147665057
-4.42412850206
-7.50316990694
2.08625981315
4.85855587227
0.356059871212
3.48790352373
12.3857386962
22.534391169
2.48700884357
6.36591538235
3.22565253871
-48.3104109231
-0.582610644277
-6.677187465
3.14714610442
-3.55116523616
-6.53558795504
-0.588176204283
0.225277428665
-5.08538914775
1.09005860736
3.26675922504
-1.00055266142
-0.638495262906
-2.00037562314
-4.59154724986
1.52957655876
15.0980551468
2.19238811706
-0.0963869311312
-0.495486316754
0.0377282481717
-3.83546080454
0.0422192050156
2.3902869805
-4.29606786546
-2.29277386221
1.50138363815
6.01821223123
-1.49702552415
5.54152570034
-3.70478258656
-0.213933461296
1.50925119932
6.79127696047
3.3522139499
-1.49887550359
-1.62459084007
-5.45299359634
-0.450856369475
4.09888536412
-4.71918440638
-15.5912376806
-2.45150310946
7.0791966512
16.9602467535
-16.4940867022
-1.3031413291
5.24451295314
0.593770048365
-3.27915168319
0.0485954857003
-2.02294585198
-5.07216291984
19.964643181
4.68985537639
0.585679067218
13.859990838
-2.95923765362
0.361160024609
5.29725710874
2.89350302594
0.0420259259946
3.97444444663
0.550852297347
-4.70550200199
1.62323795926
-16.6474668287
-8.67788679472
-1.88537427191
5.29082007434
-1.19313262267
5.49040811348
0.953312695675
1.53976888406
5.79824802837
-1.67235753331
0.978176500222
13.7473707366
-14.1188556212
0.664661654603
-2.45036748743
-4.81023160608
0.611156461673
1.58499577328
-1.62201507325
-3.47668335276
2.75495778811
-0.0652873852491
-6.95914605073
4.86333634781
5.08686834806
6.66978142433
1.26238113391
5.05416229939
-1.63430398225
1.410505034
4.91992756663
-3.03887851498
3.08231392357
-1.55898250416
-0.0267990230214
2.76900036942
26.7819287504
1.03061573699
1.66854937982
1.66144396404
-2.33967607528
1.61314849754
-0.285029774383
9.15336358027
10.4244462259
6.21751742001
-1.48952998403
-3.80971311916
3.46457974948
-3.04460931431
-2.89738188285
2.17909495619
4.82624973751
-4.82427235811
7.33105064022
-0.0963881850388
-3.32346560675
4.44846936607
3.39256562289
2.8390233101
8.01030153132
-1.05376127449
0.284533745687
0.995279246051
0.35492159934
5.01740897294
0.319048191021
0.489934630909
0.624878693711
-1.70153959787
-0.392450371206
-0.285029774383
-0.364035100222
5.82341787439
-2.62157363229
5.87304564988
9.64235088136
-1.86401932925
-5.43130902841
11.7173871579
-2.37310675815
7.41106181934
-0.826614278142
0.679867755726
-3.49615400374
0.913341830418
0.947219704698
-1.36813901875
4.20140752083
-0.391415417911
-3.230711598
-7.37328517751
-3.3191657105
-3.85735343555
6.2746946639
2.90915788272
6.0990114172
-1.39777824801
-6.66203671996
-8.64512058846
-5.89652239246
-5.05657334352
1.95307456714
-0.232306239394
1.23252071786
-0.42389883393
-14.0564276367
2.97759332686
-1.83745531397
3.60930983969
-2.07382540977
-3.97432397442
-8.02650639716
9.58800694113
-0.350347965696
-0.446675149392
2.24324584748
-19.2651289921
6.83603593044
-2.71029148915
3.25757103096
1.44729601345
18.4102185364
-2.66602258527
1.66144396404
2.29520254671
1.50682600313
1.94388570196
-2.04076891191
4.70835310929
4.87163207176
2.4224738941
3.61044250663
2.31510755274
-0.0931021593599
-3.93541962465
1.97265313299
3.6679795473
2.89350302594
-6.677187465
-6.54100326118
-0.453793810428
0.779309038606
-1.16014514646
1.57621805836
-11.3308721552
0.243294811899
1.08966935458
-5.87751628739
-2.94703240724
18.0570758531
1.04235475407
-3.1368725988
1.09289442728
-0.869102114786
3.47492420907
-1.44214358762
-6.19636307263
4.04847872749
-1.10838002423
-3.0579549274
3.27750859298
-0.167711306906
-16.4725051556
6.03709564917
-1.02244340628
2.23210285421
-2.11348884681
-8.67788679472
-0.756878088174
-2.48902241849
1.61314849754
-0.512138645429
-4.40877137378
1.09005860736
2.80439985028
-1.01479493735
1.07358646242
-1.00866285521
5.38775514806
1.61314849754
1.84657531388
0.646657294407
-1.24479922094
0.482085608394
-5.83713549674
-1.81934049784
3.44802362794
2.30072621233
5.38775514806
-1.39499999248
-11.9760520938
1.74820835412
2.13076506468
0.853519939247
3.8497147172
4.60298268085
21.5356034362
6.02002458398
-1.98964062306
1.65275724813
-1.67308826562
1.58050405309
-1.95981903817
-1.57022309758
5.22637049697
0.956178854035
-1.31622543471
22.9478256672
2.19238811706
1.66144396404
-1.4226938955
-1.49180776126
-2.39838633864
3.44296792325
10.5449325001
1.1521304411
1.23468436731
-5.30586061033
1.44729601345
-1.47127514898
1.4189924552
-16.7421642731
-1.92486513802
4.00695336906
-1.48223754516
-1.31622543471
-0.889757503878
5.54152570034
-4.24607059804
2.30528355337
0.138581329732
2.44683055352
2.12854197597
-1.59299511135
-16.6474668287
2.43394051193
7.30043360433
-2.49128061724
0.408250430095
358.129591895
8.25074421754
6.57850411203
-1.26282853239
4.12365565657
6.13888304694
4.09860721096
0.689734469613
1.60488003163
-1.49887550359
4.20663997675
-2.52832990429
-1.68285109623
-6.62433367295
14.0822259387
0.0804355929719
1.61314849754
-3.39279191132
4.5652007204
-7.25110348382
0.514642142697
-4.70550200199
2.79380656009
2.06927633668
-0.393165472378
-5.31357916072
1.51535316631
4.5652007204
1.70635522951
-0.0931021593599
-1.58984722612
21.6330169255
2.85134840301
0.46438789967
-8.98889319643
0.348063046775
-2.01047125261
6.86800170989
2.27039877639
0.0409224817434
1.26900557969
2.08625981315
1.28356465186
-2.39514112581
-1.01479493735
3.92712743446
0.312554902397
1.966938585
-5.15275684602
-2.1177207639
3.71917402535
-0.0652873852491
2.28150346843
2.42777746374
-2.51243443566
4.24676408519
24.2178283017
0.124263107344
1.01831550104
-0.107095409802
-1.82056542431
-1.14530075054
-0.0994516168177
-0.213933461296
-3.18871726353
-0.472466343051
-20.0450042264
0.103872521046
-5.59111171435
14.2086669359
-1.16339480158
0.971769250044
0.586312155485
1.52127164691
1.18721636747
0.968596219592
5.60146218512
-1.30360008479
-35.4374148749
-4.70550200199
-0.539116111668
-0.603768279132
3.74804040442
-6.96655785648
-1.40946118006
-0.0652873852491
-1.4703165983
0.695580359376
-1.67308826562
-1.00259163009
-2.00037562314
6.57614461893
-3.57096711765
-3.75277514598
-0.391415417911
-1.64417217741
5.78590517288
-2.3972826893
-2.41924369991
2.17909495619
-12.9679649587
0.751744537461
-0.467208473319
-3.01794331345
-4.91976080897
-1.38245185829
-0.0941706553851
6.33559731398
4.59706398223
-1.13056282981
2.71043055795
-0.652106564865
-1.16789409269
4.22444513048
-1.56432213242
0.0230573947586
-2.19971887992
2.02853886324
-2.12487396117
-2.04286512006
-3.58963749754
1.66854937982
3.25757103096
1.66799552919
6.29033911419
-3.29612011087
19.8062550965
-0.142148740017
0.668779451956
2.98346557848
-9.94624947813
-0.461481736914
0.39554715931
-1.08485510161
2.2916965788
-0.614759172078
-3.0057559327
-3.3082044927
-2.47602215888
-2.56373116515
-2.9613723261
1.03405537106
-0.264442277444
-2.40063240094
-0.132642618868
8.40322940444
1.61314849754
-2.31723147087
-3.17333748984
6.21436636719
-2.00037562314
-1.61123439281
9.42483494579
5.51085402306
0.0756033646321
4.80902857125
7.10953116228
2.22475306341
3.3289034694
-6.38429136684
3.72034381807
3.70974650968
0.408250430095
0.651220648387
0.348063046775
-1.68118228338
5.38775514806
-1.06267849407
-0.453793810428
3.23450689256
2.13943647125
2.3622952365
1.50916288801
2.2258159178
-2.01341316085
10.7726505581
-5.16162738607
-2.40441832411
1.57549041859
0.884284525342
-3.30486360503
2.06191404624
1.75721805201
2.86453489546
-0.539116111668
-0.763532427339
1.25526563925
-1.66685617452
-3.4317969467
-4.70550200199
1.48304114934
-4.70550200199
2.92318311144
-1.69059028145
-11.8152620113
14.695114292
3.56493311286
6.74800599533
5.42798690666
7.56858450387
-0.0294252380294
2.90541675547
-0.833082770908
-0.160630914735
-2.11038976812
-10.8169813118
8.58319836984
-3.21201458918
-0.954804757748
0.870140497625
0.493173912164
0.835747556544
-0.342667787178
8.84545181672
-1.99493121523
0.0344477697158
-10.2392734945
-4.1170753695
1.69758828268
-1.01014514781
-0.738457813163
-3.29882639608
-7.32233265924
-0.143702721547
0.118289172576
10.1472081872
-0.427567810726
-27.300033089
-16.7421642731
2.39799087106
-10.3927119453
2.4348535697
-3.64368290531
6.89587904368
-2.41413763019
3.52717523015
0.96043717762
-1.86941879024
0.593094148099
6.22787743894
-1.86702469987
3.60165934407
2.74980525888
0.877113597233
0.72396735325
-13.6317074352
-3.62097620816
0.184686026231
8.45525355266
14.2086669359
-1.00968966915
2.24727345387
7.56858450387
5.22460249726
1.58326295998
-4.43094294725
-1.99713087899
0.601412586341
-2.67828345376
1.50138363815
3.73725405164
-4.70550200199
1.09005860736
-5.3789575205
3.93036104277
-0.509285856166
5.48456163073
-1.8438543193
-1.72501894478
5.02301173634
-0.568297059386
-2.26882498713
-0.184395502039
6.84949524857
1.62323795926
-1.79302929086
0.981663061643
0.179452543065
-0.879341335628
1.62642109404
0.572083778583
-0.0294252380294
1.10975916763
-1.30582501119
1.86160750311
3.9017517646
2.38945923616
2.70439871581
1.87275587102
3.33192317142
-4.13796171045
-10.8284910663
1.96744617548
8.58319836984
8.03442220922
-0.298166099658
-8.42941310949
-0.539116111668
-4.88043981727
3.60084282059
16.2810307304
26.2147117889
-0.073982286091
-1.33185367347
-1.22020113399
-1.01479493735
19.494875818
-1.93676995195
5.24643542636
-4.52398610672
5.82341787439
4.80673815863
10.1562450899
1.88213339034
2.10646636215
-1.14530075054
-4.70550200199
8.06438420615
-3.47904987285
1.42245249019
4.23562351466
-19.2651289921
5.49040811348
-1.8413309549
-3.47934619855
0.253109038693
0.889028003895
0.0681922160909
1.55126811261
-2.1177207639
-2.13528226842
-0.453793810428
-1.88537427191
-4.63216317389
2.65256046482
5.52697296189
-13.778069838
6.6739049432
5.28307030084
4.481445374
3.95115930396
2.15301430349
0.427460940068
-5.05797008297
2.29520254671
2.19238811706
0.830355571937
-5.10216841459
-5.43130902841
2.56908539983
-0.211906627525
5.43886846253
-4.06404298111
3.98870294726
-4.33129935559
12.1081387295
0.593770048365
0.305458293596
0.679867755726
-4.70550200199
2.28123133038
-0.614178981663
-0.446553302893
-3.19636165323
-4.00755613678
-0.176013388909
2.71043055795
-2.69852487626
-1.81408664929
0.643348092999
0.815576050463
8.86690610975
2.5190228068
6.19651691021
0.990022026299
-2.5440576302
-2.35989888396
-5.19088983761
3.97691511115
0.235467208493
-0.33410516722
-5.89652239246
0.471899613271
-1.57370344244
1.39006423122
-2.23517562585
0.974859622196
-17.7986449409
5.08686834806
1.21801094717
-4.1578880269
1.74760627119
2.70170586216
16.5312665254
-2.01047125261
-8.98889319643
9.62667030205
-1.24830379939
1.53976888406
-2.01047125261
-1.16339480158
-0.402172186662
1.38035426013
-1.71791721923
2.24324584748
-4.24879891934
14.1365265825
3.56393698071
-5.89652239246
-0.0267990230214
3.93191984793
0.203306251854
-2.13644283372
-2.81855104248
5.11177468822
0.910661196812
0.00922357240054
-5.10216841459
3.71531816986
-2.71961141449
-4.52805564241
-1.88537427191
-4.29606786546
0.8394644996
1.25430650841
3.46083281276
3.14714610442
-2.01047125261
2.3902869805
1.87047814612
-25.1328342022
0.627668604622
3.90182821132
-4.75887574863
-2.43828219457
3.68017160706
6.02505031608
-2.02216901583
-2.45425269499
-0.0652873852491
-0.198001285389
-4.64147588228
-1.86001936263
2.44383072586
-2.6345887828
-2.18820241988
5.95925323975
18.4476133104
0.268734438736
-0.199947774024
-2.89921006788
-11.4645451465
3.17504035676
-1.3923006619
-8.73826595178
-1.35251461518
0.70854120689
3.6679795473
4.78596118375
-0.388662732848
-0.0652873852491
-3.80971311916
-2.35989888396
5.34097419023
4.48254168833
-2.66602258527
2.93943693326
0.75528269156
-5.89652239246
9.31926077019
0.592124141492
-13.6317074352
2.3622952365
0.710827315335
5.00443078952
24.8106715107
5.32796114247
1.52225921546
17.9860802536
5.46761914769
-0.488907568232
0.588143424376
2.14185946134
-1.14854801881
0.853467885845
-2.22550419811
3.8101494248
-23.4980551252
-3.69878158944
0.799771917177
0.016852136073
3.78543203684
4.15223497483
-3.08722314573
4.52874357315
7.74779493306
-1.49119118767
5.41532451728
4.13112605185
5.33435317829
4.85191331842
5.56315434813
1.1617031947
2.12270786022
-4.19966101281
-0.278258226642
6.24559446851
-0.0931021593599
-0.33658358847
3.17677176148
-2.56550945282
-2.37137060726
-5.34066643259
6.84961561372
7.65180663376
-1.23147665057
-2.50772505685
-1.59068880841
3.92131532815
-1.62791896468
1.22336186419
1.58005607567
0.627668604622
-4.00755613678
-3.3024238697
1.63712648994
1.53365782317
-3.34915938128
2.88857208486
7.89814126036
-5.43130902841
-7.06559364726
-1.59376700204
-11.8452007171
2.3622952365
-2.26380186885
2.302966962
-1.89565415464
3.59505659654
-6.81575683057
4.18913218311
-0.819370473535
2.43394051193
2.13760483032
3.0635907227
2.95717554697
3.54496316011
3.71286134246
-5.37755559035
-0.954804757748
-10.3163212021
10.7409090371
-2.07779690669
1.30087179272
-2.92572584525
-2.83766447489
4.02470379937
2.36743197646
-3.47681519045
-0.0517281303178
-13.8988294236
-0.943963897585
3.9111970129
3.00379024927
0.804528618275
6.37086594808
-0.0744090660339
-20.1112606278
-0.391415417911
-2.80092878153
-1.59899169192
1.26238113391
1.57549041859
-2.53222035221
0.267480446741
2.38454101461
0.691946367955
1.27896161508
14.6187367134
-2.39838633864
-0.764560173558
-1.34795772489
-1.86702469987
1.26052056625
0.493173912164
-2.44588941014
1.14424302979
-7.37328517751
1.26900557969
-39.5462302498
-0.653378271819
-0.342427568475
-10.1100096445
-2.30070824526
3.26476458443
-0.576058663831
5.54152570034
-1.21758319607
-0.374381360317
0.572083778583
7.92525262845
-1.86702469987
0.29521290758
-2.01047125261
10.1902381799
-11.8452007171
3.82113363835
-5.70482334221
-3.59555478291
-1.58984722612
-0.455759318421
7.67169472365
-0.427567810726
0.560137106188
-0.15062038634
-3.51174780029
6.71278281407
0.889028003895
-2.07691515097
-3.51174780029
-3.19529353841
-4.57032307119
-4.59397943797
2.3622952365
-14.7935941027
-4.82427235811
-1.53228162935
2.71062578148
3.90436503902
7.65832142115
-3.18871726353
-0.9552413111
1.27650040037
4.08434766882
1.84657531388
-2.69915658058
2.3622952365
1.87127647327
-4.19802072266
0.492425465006
-0.603768279132
0.768436113717
0.990022026299
3.00699150987
-0.453793810428
-23.3465757384
4.00725680648
-13.6317074352
-4.89074013686
8.16987964539
2.19238811706
0.0103201182215
-1.1253638595
-4.70550200199
0.248387506976
23.3196751212
5.90896259635
3.58920929606
3.21321472436
0.314557881467
-0.710623035848
-0.569974587396
-1.64452112689
3.59956893377
-0.291847494305
1.84657531388
-1.99493121523
0.670432265684
3.05803500408
-1.44601974714
11.2212169309
-2.94703240724
2.34047620808
5.83313124209
-3.98075077518
0.0440374379628
-0.291847494305
3.75888979175
1.79525975866
-1.5825257838
-2.17604993594
3.94950867538
-3.51528719389
1.11875447308
6.76346781853
-4.00755613678
-0.784206835289
3.41440482345
9.69862873124
2.69365265891
-6.61299411894
-2.66602258527
3.76983676672
-1.61899785741
2.39799087106
0.505818709761
1.78591725166
0.61583035986
-7.37328517751
-1.94859747597
-0.453793810428
-0.153807343184
-0.0931021593599
-0.326783492885
1.59065570296
2.02701983848
1.37510815351
7.33692730519
10.9414707605
11.091297743
6.96463784791
-4.13819867042
10.2875213812
-2.00037562314
-0.926403472384
-0.632824643029
-1.94515536489
3.74071255124
5.06717532059
-0.172157954995
-1.21759067959
8.37980360137
-7.00462233936
1.77385447819
-14.3998451064
-5.10216841459
6.74159910982
0.493173912164
-5.10292898202
0.649697638686
-1.64586048436
-4.93837568139
11.157735981
-0.153807343184
-2.41647701411
9.78519392324
-6.1729103033
-6.14727092194
-10.5858464416
7.21124082019
-0.993060170143
-5.89652239246
-1.38788134449
1.56652392409
1.53976888406
-5.69280507478
-1.26282853239
0.78013732445
-1.22425830663
7.19421609716
26.7592808607
-3.87876434122
3.00690672739
-3.64370976963
4.32297778967
-2.44421759554
-1.31952014788
-0.53298277756
4.48643682519
2.22475306341
4.69365466704
-0.307523551601
1.53347191349
-2.65498226416
-2.81105695774
0.0409224817434
-17.9217692446
3.94277597435
-16.6474668287
1.97332648216
-1.43192349575
-4.04922849241
0.161310255689
-4.76628160261
-2.09449674946
1.01831550104
-10.0855213663
-16.6474668287
2.93230082446
5.9026435728
2.3902869805
1.58326295998
2.3902869805
-0.704874767771
1.64051396124
7.46594821058
8.79153049509
3.12516182341
1.96744617548
-0.157139430468
0.998723135905
-3.98075077518
-0.893637342817
2.25055144211
-6.3955884878
1.24683673046
2.02701983848
-1.7764926127
9.00712745558
-1.123555327
-13.8264067614
-1.16339480158
4.35143722411
2.7230784242
1.37373821928
-4.6917859917
3.19492561867
1.32107436315
1.3655968206
2.77523928996
1.09005860736
-1.37406307099
-2.61510687222
0.39554715931
-5.12627081555
-4.28839325475
0.0900050235578
-0.0902722483722
2.19238811706
3.39085976292
1.410505034
1.1219467984
2.53101760668
0.963781047577
0.278524229355
-3.53913468158
2.69674397968
-4.97729274875
14.5833322692
1.72557583945
1.30148524898
0.448981634526
-1.79858971415
-2.52348982121
6.60768919939
-2.31950978398
-1.13056282981
0.282711898011
-8.7384412608
5.73985170475
3.72609163842
-2.16850986055
-1.53129146252
-3.43143022797
3.71286134246
-25.2704259393
0.243294811899
-2.43670669196
-4.75376872687
1.23620169679
-5.40162054523
1.39995029539
-5.55913855663
1.72557583945
2.34592435134
6.09259900429
0.601457832489
-4.48155603998
-0.167711306906
2.60849544321
2.6615553143
-3.9715056103
3.76521124676
-6.0461185829
1.87047814612
-0.885014500675
1.44729601345
-4.44076922941
0.357857060218
1.53478940088
-3.18871726353
3.5127822993
3.94946749604
-1.89151118767
-4.61815086427
-9.11030011293
-0.263442656542
-7.58919875666
1.84843317763
3.83904340818
3.33700933986
2.27039877639
-1.22299005164
0.348063046775
-2.81776176965
2.26825603483
4.5873898944
-1.01014514781
-2.37310675815
14.0822259387
-1.36459968037
5.21692662124
8.11712025939
-0.556604761382
-1.04054621231
1.31588061438
-2.38438833405
-2.07578208652
-14.0564276367
3.68828489177
-0.453793810428
4.45891403101
4.35143722411
5.6752410211
-2.31950978398
3.23472084716
-2.31723147087
2.19238811706
0.284718331151
0.598349913603
0.130428965136
2.05977749695
-2.64651864622
-0.0517281303178
4.62636271683
-1.92150692465
-1.47176054504
1.32466390106
2.02178134906
9.17001423977
0.496788411919
1.84656410961
-3.98075077518
7.67088719947
7.24329124092
0.643045858518
-0.660804657562
-4.14067839929
-5.89652239246
0.0900050235578
0.656756066517
-0.315623517806
-6.38647732722
1.62323795926
-0.995282016961
7.04043079397
1.410505034
-5.69057946954
0.123585802529
6.02741669227
19.6711046863
5068 6528
