30.5094598402
27.2415263268
36.4989141998
-45.745559976
-26.1199309378
-44.1656070841
9.67619194767
2.73699741561
47.5693103443
6.8367149688
-12.6513318495
-13.8714428476
20.0709040876
-32.8773362204
53.8275859361
-15.040522729
-4.33687280098
27.7960054909
30.7527557631
7.58664555109
-7.40021526734
27.7960054909
-8.42083831386
0.325628187298
6.0419809076
4.48391013452
-2.21200802793
18.8094397182
-4.20951328145
5.59728782622
21.6996919346
-1.4276207842
-4.919016075
2.19889327829
-1.404447578
-4.64586650902
24.0279751191
-30.1477823935
7.73563009367
6.7690501972
17.7658627992
3.51198780502
9.97161999875
20.1758115902
-12.9172488816
12.920827426
2.09356469382
31.5101496317
6.45448498847
14.2378335512
39.9658547747
40.9695136715
-1.29184261673
-0.512353931982
-7.01069628065
-9.49105529282
-11.3778687612
-6.26483706593
7.77802384908
12.8160513553
-17.2416993229
-26.7900627618
4.08467836572
12.9263637609
12.8761285552
-0.596264920022
7.72347028876
-3.71533776857
6.56083608448
7.9626321798
5.18880305934
2.94932407556
-0.353912955941
-1.50955070942
0.855236061455
-2.7296188725
-12.103777744
-2.95430383462
0.376869659676
6.76572730739
-13.6055282846
-7.95050075668
19.8335746849
-8.09697413164
-18.2977331376
-116.357568029
-26.3382918013
-55.1004105792
21.6598854459
-43.3787046325
25.2234326671
5.60354319475
-6.68144443197
126.055108492
12.6166212156
46.177720662
10.4536531061
-48.3651320422
125.622773193
-19.302780347
19.296689309
7.87694227309
7.16849404055
9.76934934841
35.2251328735
-41.9970919352
9.04112283712
28.3537669077
10.6905143582
36.4731665343
7.80236673117
-24.9966523067
-33.2422260401
14.8826972052
-58.8759271984
17.1518301996
15.6260097789
10.4966775291
-20.120831889
23.8077162609
16.1690931616
27.9576444987
11.9078984985
17.7896294297
-13.720981766
-1.62401708047
10.0888261152
28.6782538145
10.5262470731
35.9188973053
20.6200580574
-8.17256032212
27.8850284046
-2.98944408755
31.4568904014
14.2990781496
-22.4976711651
39.7514186114
0.232826381841
7.63393701248
-0.829657718246
6.42579608617
-0.841889571854
-1.23469723639
-1.43633831497
44.7176864185
18.4976607075
6.79100806964
2.69343262439
-3.51376611616
8.40953751712
45.3691447095
-2.12033110379
11.5843147937
-4.20998378338
7.08000728555
-11.120120709
26.4175826482
10.3071057215
15.7637522551
-35.9877777874
1.13776910908
-6.74091946065
2.03562035608
4.83358824076
-74.3075445574
13.8079845217
7.48306541482
17.9324527862
-31.9343163326
-10.5572992454
11.9324166251
12.6762889252
3.96586097603
7.92515868552
-25.699861588
3.96367573493
-15.2136201611
19.6811395528
19.7819370968
4.3350629372
-3.14457652489
5.81657067822
-0.690439328637
-5.7922151267
1.8566859562
-8.10211123704
-9.03704496666
-1.71143095433
-26.4596706235
49.0928764907
11.5366156589
0.759746249539
0.439992434858
6.27637671047
-12.4107086053
2.39831508126
-16.37843983
24.9150644362
4.19967505478
-46.8972777459
-1.1005132495
-5.59929834155
8.65870434546
11.381337005
-13.3376035301
1.89444798619
10.0135922184
-13.9237954465
2.62876064346
7.53867922558
-14.1943039103
3.99586204643
15.2323689776
-2.57892495373
9.54948439457
44.6811457023
13.3862310162
-8.58034268188
2.95940313698
-2.7002321656
-7.03134147726
1.33608549212
1.77654019154
-3.42967704694
-21.3216201998
-4.63652014531
-9.84115097193
19.2944019313
10.9412724459
17.1533735184
4.24330942457
30.5591557984
13.1227976467
11.9898543948
-23.2644315298
1.42733972751
-6.27822879121
62.4198096851
11.1116746454
8.1793632989
-6.90978670214
13.6246886884
2.22727963652
-13.6441663778
-0.205633665296
-2.0086640523
-9.20441397085
-2.46416199851
31.7022009538
8.92143801502
-1.75736075455
-0.737071890906
0.319455015832
0.370219519146
0.414836611678
-0.831409828046
-15.3729655112
8.65373592717
-12.1328208149
-15.4858543916
34.9120109477
1.52419627905
8.4668057438
3.03594625599
9.41487029066
2.61741795665
10.6338281161
-10.5468438012
14.517668836
-20.2656270457
-8.42772381289
-9.70403762715
3.64918254459
7.96551804457
18.9656298845
16.2084571374
0.0355641434905
1.35641349071
0.722683755383
3.1368217963
-10.276033928
-0.996222200759
-1.57227926888
3.48767518917
27.2798235602
1.02576942915
5.51827148206
1.48961413718
-9.52626205702
14.1635084472
-1.89037693663
-26.0667313994
3.70134560193
8.1838022845
4.9909786566
-11.7101696791
5.14767591728
18.2158095911
-17.3030584611
30.4296839279
-13.7395602744
15.8229145278
9.40729398787
4.85407852659
2.16887775244
22.3685669074
0.838748292615
-4.07945170472
-1.73144983546
-5.24590257171
-48.7157333264
4.04361868569
-2.85571037399
-4.98361082512
-4.63652014531
10.4880431738
5.23105324276
-4.00348012722
6.39162588657
7.88109050671
2.68257075266
-0.0774442632602
-2.28803393205
6.88184541291
-5.73953043705
-7.99031414724
-4.05412102086
7.21283386091
7.68216543168
8.8751884032
2.76829511972
2.80488557856
-3.51748618246
29.5498624559
4.73073351299
3.16543921725
2.87262906929
1.71535717402
0.0709005715661
-1.21824805249
-1.13066636645
11.4481654221
-7.07404985091
-11.6749098853
-6.26153994905
10.9457015129
-6.50190689458
0.315226060359
2.87262906929
-6.26153994905
-3.23050641307
-16.0659901531
-17.7075964863
-2.10178605519
-8.06582783341
0.35400039179
8.54943918844
1.49302347114
-5.29499565561
-6.05393111837
-1.7677685226
11.5491447944
0.159013441886
-0.399209897435
-5.69164631815
6.87053657793
-2.24237154235
-0.0259786139027
-2.92460713337
7.08649047942
-16.1558356657
22.7397386226
6.92311196882
9.49069769482
36.1294886249
-4.27348031013
0.666113483354
19.8725800832
-3.31263256365
-13.5287757246
0.444456195565
0.737266343533
1.65854263243
5.4408360079
-2.81575971907
-2.33171797669
-6.66779489998
-6.05841247358
-5.68939699271
-3.20558484071
-2.48588243948
-6.70105229676
-5.82718543275
7.09668577477
-1.29502759945
1.51313066695
-6.87092237545
6.98053768864
-4.42948921497
3.74587500977
5.29884077272
3.90915443662
2.61741795665
-11.7346439984
9.57272649553
2.61144758088
4.24330942457
-5.85308333485
-4.28042487818
12.1084627515
3.54405210895
5.19800164031
6.86553463514
5.99497424078
2.49872864124
3.74587500977
4.70533942332
7.09668577477
1.45340517353
4.02106122384
4.76056568387
-15.4104023526
4.86689798702
-7.05962401997
5.30080194301
-5.8145316295
-0.769630241296
2.0300325935
0.818661676672
-1.31670104908
-0.395424760189
4.37952565411
-1.60951119705
1.95135278039
-0.102614612221
0.962778276455
2.63264509981
-2.20439837834
-0.208996272222
2.08229270932
-1.92380280536
-0.329387674185
2.03274811353
2.3255582615
2.58038498399
-1.60951119705
4.08671550615
6.01365825328
3.24683455039
-2.1063329963
-12.0647713626
1.95217947104
7.09668577477
4.97505267685
4.75866961404
4.33386998713
6.56408919989
4.11226758628
4.88254918574
-1.24271046434
4.11300625736
5.22241354784
4.98072892918
3.45195506888
105.720550432
18.9105365985
-99.4435136884
-69.2079030952
98.1573845947
21.0155742035
44.7599838168
70.8452422275
-9.88000479625
14.1709642791
-4.50109896704
33.7738517346
-12.9997363749
166.164234736
71.7068827465
7.32443497385
43.8178493339
-6.64892211258
30.4860886829
-34.0990644252
26.8990761367
-26.4803028445
1.62172386309
15.2422886495
-4.09613370367
22.9239088755
-6.36823639678
25.3763516716
81.5524419183
-20.9473638572
12.3294091129
47.9367986631
-27.0032824932
-107.981726427
-18.8454808196
-16.8590117396
-26.0881733737
-13.3070748925
17.302845144
-27.6589805551
-3.50032730796
81.6241230419
-48.1443998076
-31.3023770734
4.30326972405
3.39105413408
-12.5409270425
-43.4146261664
-19.4686044477
-20.7197057435
-11.1556692785
5.98180360937
1.29260540955
-40.702614952
47.0906708545
8.75866749604
4.36553690089
-8.29623455694
6.15402074721
14.8158953268
-11.5679664176
-62.6408692201
-18.3283743835
70.039869174
93.7382067171
-14.599780636
-12.2032100957
5.55483329445
3.40121128784
39.0166344395
-0.179041894138
-4.43557707358
-8.31815413512
-5.64125758686
3.849311999
-12.1017485847
-1.68678673822
-8.28664366136
22.1533736633
4.99511791029
-19.2975522668
14.2646490751
-10.3150129635
-7.21065877571
17.9240160224
20.9316709461
-4.89267591961
-6.48286939338
-20.0785430071
6.10818036355
37.6504446673
-6.95433999619
0.0437213644653
-1.99581868533
23.8701938965
3.58415074254
-12.4128036074
5.50270120769
1.95120538659
0.274044471437
-3.68595183845
2.63362966301
-24.0914810965
-16.2314937696
-4.56590204888
-0.387135164683
3.81363461949
2.49606710306
-4.31638032431
2.14505992459
5.85014339574
-2.45752621848
1.73123178717
-3.95509803979
7.99371776808
16.0635179367
-19.2221942225
2.18756646731
0.586257955596
3.32894449362
2.74257912293
-0.698169425557
0.275737528857
-3.91466055735
-3.88283926959
1.73123178717
-3.88283926959
1.42111138779
1.42111138779
-3.5693548642
1.09806930511
-1.40428999887
4.35657828118
-12.1512599749
0.384132987049
-20.9416927926
3.48044146702
1.3728131585
-2.25386259606
13.5495820783
20.0498528523
46.9901054285
2.45007614889
-23.7246850347
16.1480935579
0.966594123337
-12.7697835822
53.4366193978
21.0924979198
6.2087496964
39.6015585356
-18.996704935
1.262608849
32.6836138463
11.6819402818
34.0460051758
0.27144644074
-18.9212571343
41.8081633025
17.3480609443
-11.474188657
19.2445496022
7.95664913201
5.80352257238
-11.4225379269
3.61063782389
0.777305398588
10.7212804755
-10.0002910906
30.3328360881
11.258303211
-37.3728118308
10.6035278786
31.8311068957
7.78417536273
-8.29641245615
-1.40689110031
-0.612072515868
-26.6301155107
-5.30608663302
2.67529275197
-5.23244321715
0.643119987097
8.65391985619
-14.6373341837
19.3152652413
13.411503441
4.70585349009
-1.33542717605
22.4147811078
14.7411334848
-1.66953028186
-16.5012550944
-3.31322082988
1.50007333488
8.8637608529
35.9227020267
-18.6166708158
10.0151228682
-17.5236528587
0.844096783405
-10.2113486119
75.1025463366
-5.14165295312
12.2209518881
-1.56513703424
10.7412087937
24.5120827256
-5.32051552234
0.301681386166
12.09613701
12.0792008048
2.30296241326
11.838279979
45.3943424627
-28.769353776
8.03380312362
-35.4813061515
-14.0087165522
11.6370764871
-14.7100212302
-2.17927034335
7.18722763902
-5.20049987652
7.74789179196
-12.3476380792
11.6290443851
6.75081911261
-5.18891545372
-6.23145913682
-5.46872580215
4.59300446279
-6.34118919006
-0.553532070788
1.96317789709
3.39554104142
-7.39505337924
-4.28127907388
-4.28127907388
24.2797937125
7.76915335778
10.2031242079
-21.4886197629
5.15070348972
1.15335646534
1.99588947201
-5.73733257106
1.50389825956
-11.0214954618
5.48702072219
2.45690920368
20.6179558488
11.1957605526
4.62943609881
7.09421422735
-9.73544763513
-8.34475415481
21.2663363703
-8.5786464691
-7.31074363136
-3.76326168677
-6.74257056282
5.09552044193
-2.14471146737
15.1612329587
82.6663310027
-51.2935397874
63.7420758112
-152.601583218
123.061150153
-27.1077229841
-47.2529696984
12.3356162386
20.6471053815
23.2978593967
-10.7985276417
35.2641163132
16.9486261932
44.9541240484
44.4551029256
-12.8839357836
24.4899322348
-88.424165787
72.4257739531
-25.9878312226
-23.4347947029
-5.02182407123
40.6834010638
49.5573539637
-52.8077431992
38.5520658929
-83.168821128
-18.3384644933
6.05404257081
14.0831436048
9.26460561471
43.640491911
57.3372092512
15.9516550892
-3.48077052755
-15.466850596
-4.20662172092
43.320151475
8.7370807442
8.24495624877
-18.4520036128
-47.3277625489
44.4704526578
16.1056802989
7.07772777895
-33.7474034268
17.7164077506
4.01422753743
18.7305982077
14.6657744097
12.8322232178
29.793866111
-28.7991662711
1.22609839395
-29.4097976607
-12.7543087289
-12.0445100339
-15.2825601294
-5.28683654882
-8.31714716336
8.64697627315
22.6519225034
9.74383519733
23.8735444139
-15.0797774578
-33.3370234072
9.29802597485
9.5469907484
-14.9471798426
7.75111129569
26.7230776513
8.67222301406
9.11993731003
-8.46660286782
20.3210246627
-13.1593375885
-9.97841547361
169.396302483
-6.41841599797
-6.41841599797
47.9315528876
5.84255283822
7.70766442754
5.09646930086
40.0569028189
-19.3929391636
10.137826264
3.29218689568
-37.266389576
6.70065275186
-7.6879692028
-5.00585827074
57.9676716879
-39.7741159016
17.2396007651
-18.0948009943
30.9156096106
29.8357966052
21.5535866094
6.58260984196
-6.28355186412
6.77764693986
7.20533827189
50.8935826691
28.1187617089
14.1081047461
7.9527228652
17.040034341
6.35698191093
12.2994060557
41.4827857337
13.5050224223
13.6460394473
12.5171754474
5.29888972579
1.20050159964
12.387364243
38.8265787706
-9.82142950928
-8.20563277837
2.71574517484
62.332848854
35.3921503435
0.854665609294
16.4379181354
16.0449826405
-12.5797029489
-5.77109996875
-10.9319152912
19.9867769043
2.01773663858
-23.5297333003
-4.6372260522
92.1068316995
12.7409891418
-16.7963464526
-12.5954895566
8.71418612266
61.3603682388
43.2467351519
-0.24287388398
2.17955037445
95.9522244791
8.5135034573
-8.33610033287
25.9935819739
12.8966651715
3.48794885843
-2.49722977618
-5.519738065
38.4167638645
9.20068900705
20.1885516413
-3.07094482737
19.8400262814
7.40609770011
-3.29010066289
-16.4637380328
15.7139890199
-4.80405645572
8.07455676905
0.88233806119
12.419982376
66.2801254279
3.52965893666
3.40218863121
29.8427767641
-8.58508438058
5.71974361357
29.5665355388
0.277393374093
-6.2954200007
3.57856924247
28.8063479904
10.6576730091
13.0605070295
-12.2554786302
-20.244718332
-8.94865798368
0.243827909084
3.72166709991
25.9653935883
13.9036989866
-3.16548856687
6.95777345999
-4.42358835145
-20.36772485
24.2334341102
-13.5868745218
-2.5134660343
61.4874362019
8.85200839862
16.5836104228
-3.45583287919
13.9922248636
10.2008191504
-0.840492955358
-5.11871855848
-14.7835828743
17.8205398577
-9.61381911381
2.97387931699
0.117542637399
-0.755068905635
7.53075374098
85.4274925282
-9.51417791289
10.4211668413
-0.0394573319269
-9.43086836096
0.533475530054
-14.516774025
15.676274946
8.33903021247
13.9343931402
25.2567196591
9.28780288461
2.61190647944
13.4695034503
15.1773326885
-6.66731373799
2.2240323632
3.64885437853
18.449132094
-5.40513554614
-7.21545996658
38.1296417901
29.2799166777
-16.7400744661
-23.0689152584
3.0131233184
-11.0856293929
0.958114211439
4.32138665507
4.92368798165
-21.6341331164
-16.435746512
4.03586465672
11.4084923498
-0.964581563426
1.61657524471
9.38642471538
-3.99178556399
-0.298153061212
-4.20376291252
-4.66414779764
-3.17053431518
30.5863363481
3.23688787803
-9.1151066011
28.089530866
-21.6971086441
20.9023332466
24.9056581357
-6.86080027124
-16.529995997
6.42933199509
14.9058535552
6.43228691604
6.72390636474
-3.78955578613
18.6863622726
-0.200707341395
9.15645743948
2.76807167399
3.09012674338
-7.27084932708
7.31745144413
14.2206997575
-6.60593302154
-3.51571739612
6.66899796959
3.05549152583
-4.31024083045
0.913829548804
-15.5061721222
18.1364408859
-3.22527713704
-12.2565934935
15.9604086868
-12.5960163105
25.7765132508
-32.8611146542
-15.716266251
154.339230733
17.3262052569
15.3592049148
26.9450801548
-2.93598060483
8.91453548297
-7.69355105722
-19.5339361378
75.2280986077
28.2605877488
21.5563381945
-16.9388781996
3.5710074622
-13.9758633431
-27.6301565014
16.9872857108
-5.95288078604
-4.58642219631
35.9150661314
3.63143585938
-15.0655557236
7.64366284738
70.5578414616
2.19231041285
0.96093516044
-7.82232985398
9.36332166843
10.2454786927
0.737385212288
3.44695071719
4.93749046978
-2.7953370417
-16.3130315935
3.70366594005
24.842483277
-2.43782185284
34.7030136162
-0.424029737373
-7.42717766329
2.25265860375
-10.0725813949
3.63252272604
23.7433559285
-6.07898575547
19.2676326127
17.7366592285
5.98722956002
-2.74039019059
7.26586856084
-23.7775024936
5.68768487267
14.6999883098
10.5899683095
12.4101672817
-19.1900020699
-19.3001829113
46.8959560578
101.973647858
4.42266924852
17.1780820801
-1.77419187185
44.689285555
-9.30292166228
-31.263302594
-7.06673207787
-25.5331089373
4.36591277312
1.30545501296
15.5433659188
15.0076917657
9.34475377809
-7.51865622723
6.64022643192
-6.48971690559
3.43365190013
-2.27893343142
3.18852279413
-7.54236052256
8.21333875127
-10.372226617
-11.8123224187
-0.552083207942
-4.08809674676
11.772893038
5.54174749397
-1.84120074804
12.3025537913
19.0967327675
34.7700906874
20.3610971685
0.503695209883
-14.1169318579
5.10254195347
11.3538885341
-1.64224152473
-12.5578174917
-3.90743644872
-6.34403486213
5.49431050552
8.91453548297
-4.43277998388
9.66485306314
-9.50903695395
-19.908059122
1.97963418003
-3.27754600663
-19.6912747978
12.1528726265
6.22369024112
0.196096780924
4.79036042168
0.604612299632
8.39434437731
7.55568457515
-78.221256546
-17.0127581038
-1.40008685908
6.67609617079
6.67609617079
-7.58351808203
-5.79454729725
2.019569842
11.585888006
2.20515352832
-6.6086398576
-12.1318440317
-7.86215906885
12.3025537913
-7.55470206437
2.69742675744
18.7097776663
4.86885902666
-6.61836320513
-5.72723307851
-6.41508418724
-7.58351808203
1.30545501296
-5.61534940817
2.25799481895
-2.14703587434
2.24917991903
-1.65569811893
3.59881146022
2.96125046732
-1.61848426835
-5.02735917243
-5.02735917243
-3.21299516199
-5.22733198924
-3.90743644872
9.50060844683
7.90548357964
-0.0189556707365
-6.48971690559
32.64789967
-8.20074889818
0.0463155742973
3.76843130315
9.86972053119
18.1296794093
6.70623223432
-2.22940173349
3.61626869048
-3.91833036261
-2.48943225532
-6.46508100327
1.97364835181
4.19558190431
2.83656925549
-5.51858674482
-1.52367796771
-3.91072818438
-6.33895596241
3.88866392861
3.89281774769
-4.91030247817
-3.75353502234
-6.62927915902
2.25641443966
-4.52726878486
-1.61848426835
-2.04452954283
-6.51486627945
10.9274881696
-36.2925779682
5.61605274424
79.5750471847
9.51735619163
-36.9264802015
14.3448252417
4.1869903441
-5.4986592474
-0.0962750122312
-0.272217786194
10.7540845519
-4.24675437312
-4.31276806538
-0.372729768543
38.2072111476
68.6931420286
-12.2465316125
-2.81476157953
0.224725942428
-10.3403456769
14.1985865015
4.97713658526
3.28867134308
-25.2634969672
5.3810220526
36.1102465749
-0.558514982195
3.28711334957
-11.1014825902
-1.54311520771
-9.17953375637
-2.66529068657
-11.0700365963
1.12510209659
-5.80219563735
3.45440986242
1.1623067248
46.924706521
-1.15125161026
-0.257440016538
-1.15125161026
-3.02876299221
15.7189248678
113.999504992
24.4211976208
-13.1621268533
-27.1857085175
82.1623207475
-1.10432222157
7.2012329763
-10.307849452
73.1494756515
37.0111211703
6.67010762751
24.7801481046
17.3309893395
9.28322721802
5.07565159388
-1.59530701995
-11.9391921171
6.30175785436
-5.48384526903
-17.3747420828
-12.6795861034
-10.2713136271
-0.632436364593
-16.3241801456
79.6909161807
6.75115399373
120.042414402
-8.70285941866
87.2533320375
25.8009008585
152.293757015
-1.85521363804
-0.595046058216
-16.2637080882
-34.5518250195
-34.8491236971
18.444820966
-27.9221730667
-2.0594462029
-21.9922989261
0.64987887177
24.1856317983
-15.8375785231
92.4031524472
-38.5431346637
-62.3652677811
6.28725093584
0.64987887177
-35.9899533292
7.88042276652
0.883089959183
24.0494527015
2.15897107244
0.839549459082
19.6605411106
-7.40054446109
-0.595046058216
-49.0091745613
20.2531043409
-0.595046058216
-2.57675575086
-34.6561586743
-0.595046058216
-0.595046058216
-24.7463160568
-0.595046058216
0.839549459082
-5.96466736472
80.8020830832
-24.310091608
33.0397954434
37.8669336857
22.4188090832
70.2324526791
29.8196345756
-7.28024671001
14.6226252849
24.1618808882
11.0738504088
-11.8573875235
12.3836005651
0.984618928763
-5.27857476358
10.8202486944
77.2203128209
-0.563542141112
5.52102439191
-8.92088816275
-23.9146738567
21.6020716846
-23.409249628
-12.1181630945
9.7068840004
79.6355336254
29.1485123422
23.3368707461
75.7938816008
-8.84420759269
-24.3146543544
2.68641619927
-3.3235562371
80.9887484243
3.74279700571
1.11014256552
1.43476404571
55.4740892237
55.4740892237
74.5474546859
1.41032576542
61.6690893825
-2.48951658177
-1.01542291368
1.34659041391
7.21388332129
-12.0006068565
8.46039592213
-8.40602726128
60.2581750092
61.6690893825
-1.7111588066
55.4740892237
1.34659041391
-5.68556956469
0.568232638743
-3.3235562371
55.4740892237
-12.8346465119
53.0942975457
4.19772993031
1.34659041391
0.568232638743
-2.48951658177
60.2581750092
42.7816961125
-13.3895182653
137.525979582
16.9030565561
-16.3390118862
-5.99486113007
42.1260608186
136.639844747
22.663628527
55.8384580204
-21.3948626554
16.7051539327
20.1981194239
-10.4170904593
17.4571988575
9.57783816549
31.0498375571
-12.3351467837
25.4188458119
22.2874648676
-421.854933499
15.6022794365
-150.994982139
27.588598543
-15.7662003057
-109.466651413
55.9367596838
-19.9607054933
1.25253494842
-4.04897217637
2.62742835091
-8.527333551
37.3811582572
-17.4243135025
92.4827375599
-5.57807691335
-45.1171118236
25.407571074
-1.03975748242
135.167338987
220.828578331
-1.38127409229
25.8023322867
3.80980516274
14.5595526044
11.4691047615
8.25565283277
-31.3090963086
-41.4381334585
-53.0389248857
-48.818179119
5.97854305005
31.720743045
37.3217801134
-19.5448486644
-19.4656441787
-31.2706605414
-0.0477882603524
2.54036794317
-10.9003220966
-12.7789398603
-7.80893835007
24.9460801133
8.38147258071
-14.6471400504
14.0091880677
16.9144458184
17.4871633654
-18.3436938495
38.4658943286
31.1576888467
4.19657207597
-0.975381604975
17.0737691649
29.3111932407
-17.8839382918
-9.42562434467
-18.0909967532
23.8527502324
1.99890217198
-101.61726025
89.1824340388
-32.9966690126
35.5912841155
-16.4190782977
21.6412841379
74.3705668687
128.755047584
16.8401185139
7.65182871202
112.996967506
-11.2015846834
9.18962851391
-3.36565417916
-10.6703752356
1.41677384247
-24.459983317
68.038634826
-10.7169710472
38.5715143503
-14.1933559815
-4.96899424364
-13.8941309706
-8.52690358595
26.1390370698
6.76807298591
-1.71778006616
14.4732680121
4.96893282567
25.3509428355
-21.9910756984
12.3916942165
11.7118773311
-23.9194753192
35.3839763064
3.1431814914
81.4380506122
21.5148246036
0.0431285593656
-10.9458526013
4.91576533794
92.2590613255
-16.1595907335
27.0078945919
2.06791588317
19.3797850891
-21.690443107
0.579698276002
-9.60419076233
-17.3755225496
57.6862115323
4.89304866655
17.6512496311
11.6329563691
-7.16570394118
-12.31176033
-2.46614109616
7.32011966909
0.513234949925
-17.765300382
-7.59716678495
-14.1416163179
14.0015922895
15.4520428651
-5.6220633587
-3.974360647
9.53524921827
65.9498582446
52.1051612607
63.2982696773
-9.32212534442
-2.78770981503
-12.4261235382
6.25442268346
0.993573785149
29.9979548665
-6.16427398384
-2.18731386764
-0.694779905389
1.1058425819
-0.791522738293
-2.15843800144
9.77769283975
26.4080201045
27.340884022
1.28883800093
11.887805564
-8.91584008555
-11.0725162305
-2.62727768534
0.0670803188249
5.75093720435
-9.13653922549
7.51805532815
1.91217122145
-3.82076499222
52.8204224748
6.23448802768
9.95215340105
6.06742575163
-6.41452714228
-2.59666370363
14.8447299238
7.26992658943
10.1275522429
17.2231687214
4.04738637948
41.8930518418
16.7926110326
-6.15536040944
-2.25708866685
-7.94805934085
8.89063134556
-8.74642954209
-23.1430918457
11.427888941
-4.86427486531
2.42786116601
1.07909579495
19.532727373
36.3330258687
15.7852736986
0.734117260056
3.43765851373
-4.11623205834
20.3641548248
2.76690479555
2.32945126763
19.0875215845
12.6995618168
0.462152445175
4.46740770327
-2.26856800162
1.81055959275
-5.71043984708
-0.816133770964
20.238503827
4.04546847853
4.45649078921
3.09934986085
16.0489508844
-0.197398167792
-6.62142401038
3.22486028099
4.10392182959
5.15358307089
2.32888341106
-4.9342435553
7.46904363793
4.51442303748
-5.03005956116
9.00762344695
3.04057893728
8.74355185402
4.05074697945
12.1920304976
12.604644134
18.81839771
12.5436580188
9.28434543484
24.8116886791
-41.6697847743
15.6862582136
-1.50660130823
0.942017507814
0.564053685932
15.4685510045
-3.42382356738
-13.6181352889
5.64266509494
-12.4857763454
0.298388832627
2.29735728307
-2.0969787074
1.91029361547
0.729009152769
9.1565717095
-4.10745502505
-3.309079539
-2.96484745386
-0.464502712222
2.3050853754
4.62408114818
-0.503984329355
10.8417492812
1.24214277723
-2.8390713686
-4.12001480744
2.84789944034
7.83303118919
26.4081980504
3.4727063367
6.72702122055
8.90524800089
7.74876083439
4.90337094301
1.81785576242
1.92360388284
-3.91801992273
-3.30383800436
8.57588516018
-0.546637114772
-1.34471657336
2.11057477032
-28.1773940453
3.96508404707
3.73767672634
33.6911582251
6.10748954822
19.4549309609
19.4855547133
-2.41683852954
-3.39811799459
36.8643908719
16.735395723
10.4439476169
21.7033532181
-4.07830861714
-1.04055235354
0.0348880343869
7.32131668214
9.93900411339
2.64380893046
-8.20264025298
2.25189301733
17.5419338827
-8.20445077049
13.9048832962
1.49467966145
0.533492697161
2.02437722566
25.1394779756
-3.19766229403
20.9250886241
5.01178771337
-1.77697508712
27.5297901076
-23.322372392
11.8641113603
-5.47651722362
-0.867917061492
-1.71705485877
-3.38093983744
3.51914564108
-6.22355118369
-0.554455931706
8.73217880849
28.192251049
0.510165051704
2.1833200744
-3.90066938833
-1.36705667764
-6.47224872041
8.01671866985
-3.91249481451
-18.170230514
-5.53684490038
-6.65035119648
3.61472319594
8.83202957942
2.06926660404
-1.92376951209
-5.05539064968
1.40271087656
1.20317731679
2.00837792757
1.63841554376
-6.73726126502
-0.877019267435
-2.87637019642
1.45455091888
2.20272431198
1.8902487158
-0.632256403151
0.0703238562813
0.928706872722
1.47481184931
-0.209944036977
-0.788441072075
-0.0182364428097
2.29315882159
3.96508404707
-0.214047996045
1.29410351833
1.15944302356
30.8528280647
10.7131035816
128.444393461
-11.263571577
9.00607124183
-16.4266174309
4.68413901808
8.81429223487
-8.2804019929
2.2407851503
0.258822125662
-9.8397200105
-36.653933343
12.8343550668
4.43011989458
13.1799026746
-2.28194447829
-9.31694937709
-2.64368690351
19.082890131
-4.87604575649
-13.073190187
-12.0968158175
-3.70401164998
9.48275659832
10.5407652105
-5.07859145339
-9.02488157421
2.0433652777
3.8905904717
2.27018133833
-7.68735975411
2.04957087717
0.929070842565
-0.321572498453
-12.6953419606
4.27712704381
15.3247445566
9.05523462666
1.92614421401
-6.07703719783
-11.1475820237
-7.75003172922
-24.6276304966
3.10930973987
-5.76045862001
-1.86862904266
-19.3041200702
-13.9319708547
1.36708466854
-23.3952299983
-6.4328371891
5.16287760098
-5.78379815317
-4.33280134119
10.419974476
-2.11598253903
3.16037711592
1.58777353205
-10.4157341199
0.104226367564
-1.85499970917
0.219591596461
5.68724420903
5.53244937917
-13.2831187823
-4.94348068517
3.53696836363
-5.69172385893
1.68115325115
1.42311709423
1.32028610489
8.16941985889
5.3715373135
1.41974507422
3.03199548669
3.72124651896
5.03179959239
23.8557949886
-8.31215827982
4.53766230304
7.01176700048
4.03991512997
-13.3933664116
-1.26899640672
-2.20235755732
-8.52602485412
20.4116156058
1.0329960554
0.0477536391058
5.87567241282
-4.17459972083
-2.58432134865
1.05478869819
0.497072119469
-8.64084119274
0.475279476687
1.4705296468
-12.503990833
47.1892292076
-1.69035726169
62.7842086928
32.0164511718
-12.2876237325
-2.44685023478
200.357906824
13.9774120898
18.7434839566
13.4003087261
18.796139589
21.9569012382
19.7069834552
-12.5445837234
3.6821399586
-2.56516847473
-15.5621321935
0.585990631739
11.2379571372
19.3131973235
-5.15464667465
14.7166786075
-4.08596807141
-9.01561632423
54.1165663985
10.6211891743
10.3711471034
-17.2425156519
1.92600312376
-13.7888949852
-6.74832678768
9.54607762115
4.86245241186
2.11758057666
2.04334284125
-8.97610481587
-8.2032687422
-9.5463735688
10.8433089676
-6.96859322298
-9.53980959894
-6.00403790336
-0.220608775015
0.00135376420706
10.5870758603
0.938063752705
-21.0211378563
-16.0085634703
61.472708388
93.6323037785
-1.59416935913
31.8039689077
18.4630251795
51.9122735181
-25.0526529418
-7.90391534909
20.2187801778
7.22968719735
-1.91977980149
-2.85567017106
-14.0727018464
-7.5840484808
-3.72436681212
2.21144164156
-2.61094878663
-2.37530840687
-20.7903021893
11.0543438609
-4.73804974274
-9.44979964055
-0.937350318951
-0.744310619434
0.471840903692
-2.11394317604
0.500786562548
7.43765346914
2.22438717202
-3.3377267027
-2.75204965329
1.35148463382
4.38735181718
-0.0954091764674
-3.17397764825
0.422057243215
-0.787404647649
-0.182063362159
-20.4024171
-4.42088128844
7.43765346914
8.79368483198
9.59437792416
4.42136073879
9.00104334508
51.1697529427
-14.1340773971
-0.755207783922
-0.987475641508
-1.97293017378
-3.54361287544
-0.84874205965
-0.471324203528
5.56886637905
9.37107773945
4.39449085938
8.80482245468
-2.65299163283
0.318253583838
-2.60579097007
-0.810767353593
-0.162697140358
-0.882913630352
-0.0612038180073
-1.47489112
-2.4377019206
-1.13317198297
-1.83168466536
-6.30074819756
-2.15861503918
0.0897586822158
-1.02920405049
-1.15592667886
-2.45783666498
-3.646278067
-1.24743376222
-1.74552715313
-2.72755672832
-5.17521723709
-1.97044242482
-1.12881920059
-0.714459412671
-1.21721992456
-0.715004064784
-3.36828615909
-1.24743376222
-0.744293273787
0.099550086807
-1.46075527256
-2.32733004522
-0.290273930082
-1.22405030532
-0.815374356114
-0.539461921209
-1.57027492141
-2.09407317361
0.758208777442
0.194472889707
0.43889825272
-15.0831708101
-7.11399377972
-0.902700826345
-0.0357969322125
0.19922860281
-1.28039542846
-1.55236729809
-3.44939956833
4.87963700298
4.10701976118
23.0631304866
9.77687131304
-8.76902292876
24.7606698345
45.5627277883
22.6035460336
24.5512715937
11.8913640606
21.1555742579
9.41815340858
1.48051662014
19.5178373304
6.5220795206
-25.4095462515
-8.47091896301
3.99308438272
12.8245629447
-3.50681708939
7.54748875804
-1.03687346363
-9.48112754273
18.7297032703
30.6985226694
4.5924768885
24.2524459684
1.73347137851
-3.3998044154
14.7140473778
1.41383466527
-0.0713330438647
0.0483947639134
5.02365401844
16.1811843325
18.9724283593
-1.47712939016
29.9146957212
13.6273853168
8.02648858492
-1.20736297339
3.98307241929
9.15772607614
5.1935430161
3.19441514509
-5.43354247449
0.75802510123
-0.402754929026
2.41152922382
3.92391638513
-1.86003616771
10.1436864629
-0.4927939412
-10.2309724716
-17.2383582099
9.68086078096
-1.38798549127
6.23933597558
4.44863769128
-3.09798174526
23.460654962
-4.87458960859
-5.90940065342
-8.43003008428
-11.7876401079
10.2560240783
-6.74316367832
3.16869987
-4.82015414694
-2.85680922305
-8.47731044328
5.1881912377
7.31698991579
9.64052366028
6.33199466932
-0.300598015859
0.424155631538
-1.05638369304
-5.56347545863
-7.34786652517
0.458048849491
5.93730534651
10.1066796282
8.15331753054
-1.11593154365
-8.037352861
-6.48446959963
-5.01712045891
5.77073760775
-5.9029012087
4.66296565143
2.93977690122
3.76859482027
2.86204362725
2.77117671126
11.6510852367
17.6492773201
49.0214766756
2.01054970301
3.02807144079
-3.0085269058
-15.3040702392
4.04487750581
8.08793058999
-17.8414600232
1.0574211015
22.5578989732
53.1012365522
-12.3168033682
12.1792002903
6.29600326756
-0.790084126268
-12.6960153781
-7.59894228285
33.5293816555
0.942380431435
23.6446512588
-4.11921069513
14.7610161863
-12.9345540486
-2.06264514354
3.7752726639
9.63542126311
8.28148222861
-22.1817110182
-11.8789591129
-3.2381445638
-9.01126280443
11.2298657458
0.726758454496
10.0300669187
15.5389158436
-8.0808936629
-20.3527752438
12.6253047874
-2.30979424864
9.8767521281
12.1735593401
1.37958178374
3.95613241693
2.55884440765
1.59495335785
6.64892171628
9.56527291463
-5.03358837878
1.78073702145
-1.08348408667
10.2355590334
5.97815795355
8.4254308413
-2.66804037344
12.1348845448
43.8086491421
2.91151501057
-4.62773708932
-22.0348618313
-10.1516067529
9.38351838709
-18.9954596583
-11.9121751387
7.96777245805
8.24075811435
5.46623357319
-15.3647602138
-0.586171940657
-19.253887186
-10.4900199621
-0.830567680335
1.22956986949
-4.86408032089
-5.24219852742
11.9652140713
9.44562316843
17.0880323293
20.4136691414
-24.2015007333
-9.59641890189
-33.3551000411
0.53163545262
-1.41479573146
6.74745892562
-7.09891240646
5.83906653463
-1.30475734607
0.158720297226
-7.58429874025
-22.7993109798
3.30233128228
-0.0128366854283
0.643560152405
-6.82390059766
-7.09891240646
-11.3425854351
103.654628618
-5.3141811032
13.9293198906
12.9713971318
1.35371504473
15.3646794317
-6.46758807449
46.1148884463
5.65115398899
-7.78387976919
13.2570399513
-7.28530077557
14.8885760958
8.97997946088
-0.963531642716
24.0802365797
-4.18696398824
22.9011745181
-5.82108292892
6.64283362676
12.5882160591
9.38525120855
10.2473324367
13.0637826153
7.57203686812
9.57850854453
14.5946877356
-15.2553185315
77.2702475913
-4.75559176018
18.0420928531
3.72511179451
-9.82347232098
22.7197148492
-3.05382409731
6.62827945304
12.0289519946
14.996447965
19.5455377389
12.6454412436
-6.38645535388
4.59496301344
6.05268513115
103.582318286
7.82887067411
7.55716816519
9.65115274393
16.0664774545
1.43859342526
-16.7681812361
-5.98313614311
1.00811611915
1.08047234996
11.5068757446
3.50446781614
46.8658116862
9.97971429246
13.83734839
32.2593518313
-3.67000541871
-18.8079568723
-9.88993209108
-16.879335963
-4.68307951914
18.7616208436
-18.2130921181
-4.56319177722
9.67677164941
2.28858841304
13.6152325276
19.7743726509
-10.7893148298
-10.5266735699
-3.35393199433
9.89065231061
51.8379025986
5.71290120004
-12.8814034115
22.9174639534
-2.22315087068
-8.84642901995
31.6066910096
6.78004568762
8.90254285562
10.1677324461
14.4188570513
0.861149549859
6.23745185279
-5.53946820602
18.732026178
20.701165052
50.0534925442
10.055660216
-12.6540333294
-10.6186611673
-13.1401258877
-6.00838936587
0.73959486929
5.04828500297
-3.20915891666
3.0444940456
11.6872215146
0.0326039799966
-4.15294323308
4.98959389611
7.44501360752
-1.37521501877
-20.1584386368
19.4038384805
-7.47591823584
2.93607223807
-3.95735409041
-4.03100744877
10.0593959385
19.5455377389
-4.17264224798
-2.55332837794
9.0065946216
-1.66233052333
16.5016783583
-4.55366694467
-0.00915997940127
-0.18415940463
-0.98209073912
19.7561492466
20.8522495592
15.3724619675
4.28127902159
-3.082288653
-2.42411938279
2.3809518211
-3.71919842497
-17.2487970635
16.3717454639
16.0004798664
9.79612684454
-3.76115473387
9.20141853545
-16.8797211284
-6.94362941024
33.0649074524
-25.2267551758
-33.6145943514
-6.54461340466
-8.61993181667
48.2848413868
7.6783560946
7.17178883712
7.60749466381
-2.05136488099
7.73368896068
-48.9074379263
-4.04185970836
-12.9814584211
46.891157934
-1.45303489751
7.61860592212
-6.66990536227
3.33774196549
3.77175872864
0.0245427674659
4.84271725464
-16.2787713942
12.0043746096
6.81771896384
-7.41051415003
11.5717583623
-3.32070045725
5.71799168541
25.9313415511
7.69327946168
-7.018696495
9.17234221382
-8.91324669279
-15.2626023204
2.30449044114
-3.3875759902
2.68669623527
6.00948520821
-3.34001476987
11.4958703261
7.73289004369
-8.58297003155
-28.7315945978
-11.6695192659
16.0866564485
12.8298572187
13.9929154492
-18.9633677925
-28.7540938577
10.2121647744
-31.6177289745
-14.3993021088
-13.6094301349
12.1108895583
45.0434890471
35.1869266749
-1.29463287115
-3.83650002267
6.73092662318
4.3351158824
5.72133846912
-14.4840147525
1.41040510485
8.56503245727
-3.23278916324
-7.20855094624
10.5195135938
-6.42774856945
9.62697125297
13.6364689034
7.21386531676
2.44885958039
1.2689706527
50.1570364007
-3.78002203529
4.03123362175
-7.21589771372
3.41970288565
-11.2944459497
1.99599047581
2.99796964508
40.3507504255
10.0158917268
25.1076643977
-9.05673409987
-4.421661309
39.7179393599
3.29632014169
1.10393248971
7.31392168532
-5.57639073743
-16.6449414902
-4.07163235791
-7.71852301225
-6.59326723634
9.06167293907
-6.49036678041
-8.23321843506
29.8746135118
-17.3457498177
-8.5094869181
12.1609105725
6.81708890534
24.1375045862
-7.59562140567
2.86161350994
-5.41247792402
3.52009434132
-9.12095365728
8.80117809186
-6.62828847463
6.48639998864
-20.3436474089
0.695283741525
10.9777815014
13.4776880492
-8.3882172224
0.502568075451
-2.21537948351
-3.68356792379
7.65343169514
-5.50145888186
-2.21745819412
2.71019679333
12.3658717769
12.0743842351
-7.2872503844
-13.1039628541
42.5037203578
16.0555825944
17.884033582
-5.24023091254
0.626434676878
-7.8576357437
-0.293532826788
-2.18537672015
-10.5843875401
-1.30974412496
-3.42288369558
-15.1957518909
3.57389835638
9.91246968439
-7.25497768182
1.82309946355
8.74743378319
5.95428023745
12.1299976849
-2.13578424379
-11.0166022182
-5.2621749031
-6.53815502064
-5.24203391998
-0.62749271616
44.390556962
9.42158063203
1.36890043023
-8.0500653693
-8.45305956096
0.202861648732
-8.0945418314
-7.34848034698
-0.637361397655
-1.92622142244
11.6966337273
4.07813073898
-4.62900250802
0.945375685591
-8.29436470198
-4.79810016806
-0.085152231718
0.11264076278
-3.80232279216
8.90780614922
-2.8995467193
2.86161350994
2.48615603781
3.44984378237
-9.6564884447
39.1644621292
-9.6075715243
-5.47931853788
-4.39434681169
7.56480726308
-8.26231130363
47.3184198351
4.57664281916
-2.52735051798
7.36936161491
-4.34869854155
-2.36781735333
10.7774685612
0.861160480418
6.0606681579
8.52080094259
0.617755660009
39.6087033214
5.89404405953
-7.77301994773
-7.71351409955
-14.6749078811
160.050570468
-10.1035367592
-2.75497983288
24.0835261162
44.3282414358
5.19827096987
4.0262767751
6.42550799682
-4.00302774115
-8.21372193269
-9.27156837806
-3.31952428004
-0.0518691306674
-2.66313496118
-3.03133863939
-2.39451360505
0.286406743878
-0.606987481023
-3.035965323
-2.6481267557
-4.97686059235
1.91026567234
-1.93447214083
-0.653630433064
-2.3439979018
-7.08485116714
1.80890910804
-8.62268220662
-5.29740626253
-3.64429960493
4.93127051194
2.86048293379
7.07148928583
-7.52695812346
9.89794539111
9.76267928505
-9.57637554553
-7.14909433782
8.22066257401
-8.69282269446
-1.25932926672
-4.39124561311
-8.39721883174
-1.74075847319
12.781874128
-0.379944865812
7.11474056188
3.88646085523
13.6334866404
46.1325597923
15.9449347992
-2.91941574695
8.84171348492
11.0015483547
-7.05464881202
5.42957391271
-14.0250695066
11.5313107988
7.55835778946
-0.14806484876
-7.85026041378
22.5427383867
4.43351127884
6.36382797242
-2.83506942661
13.6030186388
11.0285047002
-30.0453557393
-11.6366765166
13.7697139417
-16.1490547429
7.35688090657
-16.3090207911
19.3204774303
-11.261433278
-12.4809058504
16.0299425439
-6.72578028798
10.9541268448
-3.47203249989
-76.1235127785
67.1147824229
17.6945048929
3.03796537164
-1.88836659617
20.6531938226
5.72517507145
13.261591905
16.5082880216
4.42126866257
-17.1818609929
19.3160756261
7.04497397846
26.9664207444
-3.65975713166
-22.0759439028
34.7746966256
5.60972199312
10.6270135497
7.56922889469
1.02496352162
-4.62230889705
5.49383416843
-1.45284437662
-0.4611153303
2.03019639302
3.05838671088
10.5507709503
1.16660720283
16.55130933
5.78224059609
-1.23832696088
6.22123197443
7.83454814573
20.4514445659
0.926623873863
-11.1011878771
12.1883969441
18.6550047288
10.9868625752
5.22666336379
-14.3972584581
-3.98892855236
-4.07251463068
-16.6038039134
26.8062670396
-14.737145899
35.5574225107
7.560341019
5.37372089402
0.308336722122
0.220645393969
-7.4985480847
-3.22553211074
-70.1735499207
46.7890545545
2.07995962787
9.31320774789
-7.66175771616
4.22013203185
-1.0456477748
-4.1177940872
48.4078968537
1.65938697231
29.2826804353
-10.9504746927
12.9177872564
-4.31112656261
10.2313389659
30.9614036188
2.19480227423
1.45363813537
-7.12448193576
-9.36811960287
12.7723946642
-2.72937546193
31.0732568538
14.6682071359
21.8153616763
-4.60344453412
20.8236445
17.9906991672
15.6144724455
58.1428011845
31.0284904539
15.830615429
12.8576518467
-3.55610753087
8.10288596063
6.25905624492
0.808079275136
1.06404371371
-16.5744347735
25.2271941819
6.5406661095
-13.0128196942
30.7525903105
-5.85759413879
-62.3629750096
-15.6249086162
-6.06029540798
9.72857787926
17.6498429729
22.5630570663
3.30934401329
16.351040403
24.567301606
17.8088696696
18.3415603227
-0.317391631593
20.8613372067
-0.314530134861
-60.7345456231
-46.5492423972
-4.01631044524
-7.37002823162
-5.16167775962
13.6821153903
8.90394425625
20.6855184629
8.33292279886
-3.27707782528
12.9746386065
29.7839473311
3.01826771506
61.60674027
25.1275026506
1.47340063107
23.0190900616
12.7027607371
13.5318707842
5.10574648254
12.8294695618
29.2116041961
6.89718997934
15.777644598
14.4967275569
17.4660066073
9.78480868857
1.41015782955
15.8941617207
0.419323776077
-9.10129526799
19.2707372754
66.1502290459
13.4632452956
30.6606528264
0.538666775625
29.1879121163
21.9961780456
3.65198576973
23.0797354074
25.4046406152
34.9772879746
55.5344377384
24.6956907111
21.26017202
14.7782933116
1.13383801868
21.2823182537
17.0150313964
-3.11360763326
54.5469122489
15.4092709082
-1.26709712778
21.379397874
60.6378281739
-5.03664167413
-61.2376198721
-71.994308831
-44.2921261559
-57.7239676268
11.2280222959
4.83330633201
21.282064053
3.37459486387
6.91520345958
59.4086720532
15.8091468946
29.1879121163
14.0670765921
22.3693913087
14.9416517561
4.10244112885
16.1702510079
-0.767103862787
2.56849423968
9.21178674194
6.33401744354
1.4218000441
7.47422849056
-2.17992850034
10.9511832062
29.0265362865
-1.06656278157
1.2650031421
6.12081353221
-8.47344195214
-2.22373632299
-0.571558120882
-2.23332373338
12.890232036
-17.3111594515
0.0461855902192
2.83418161343
2.03455502011
4.14864971724
541.019208544
-4.33111411531
-5.80825874332
3.6593262186
13.7311636863
24.9166440436
-6.74468804696
-9.88403591001
-6.43019469777
15.6803456273
-9.4425246572
0.330805189513
7.37802490659
6.36482372807
-6.67614654976
8.21341856378
-4.06462480819
2.04972144825
46.6071269993
-5.64303398473
48.9114036295
-1.45483097919
-7.57404048987
-1.71883384005
-5.86049223973
-1.16628792718
3.73513055139
11.2203375239
1.31343150777
44.5562050574
1.50598380279
-6.50525275201
-6.7444819498
-0.37725126545
-2.82555720338
45.6923032662
36.9529855257
36.9529855257
-5.13137761501
-4.27341563288
-4.09024263722
12.3120760133
7.25591553488
-3.29738716367
-0.936718524738
-6.57011868123
3.22922400725
3.42833934409
10.4058784353
21.743798161
6.60248530309
34.9959369948
9.13895385826
13.5031470722
-8.56162028676
34.1003054902
36.6646174233
1.4740156651
-6.84922920355
0.938902132979
-2.46520519718
-1.12560808628
-2.65898089555
10.4947872692
0.622761872418
10.6344657189
41.8419769331
0.543444562353
12.3825998346
-1.72013840868
12.8461666368
34.16950555
4.84203408626
-5.21905686643
-2.32043381736
-2.86222630531
-14.4434812174
-23.3489829644
8.55679109908
-0.426801536943
12.1662555264
19.9964754457
-0.017489055019
-3.20876461881
20.8443024238
-5.1180691456
9.76401685055
4.85176510455
-1.79444792115
-6.34707669801
-3.76277948629
-6.97720522731
-12.6636079617
7.69168103713
-6.00121548065
21.4142287358
1.23828844749
-6.18098894038
18.648886234
-12.5708053606
26.4563619317
28.452249743
-27.64857574
-17.0422569116
-13.3635264385
12.263400693
4.41798432556
-1.28912658656
1.00381883438
30.0348251914
-3.44637771025
8.90935756977
-7.21435641988
5.78984524311
6.32813712871
-8.70243912713
17.316354314
34.2671407837
11.7071231485
-16.7864596839
-1.55411793772
1.74697036389
-5.47745796901
-2.55693781679
26.6802875308
-4.86004191639
17.2413586371
0.396306124449
-6.4975625977
24.4816160413
-4.93263702706
-23.7789330074
-9.15665062431
-12.9399961305
-23.5910374476
-17.2582707687
7.09572241185
0.719993953847
-9.55141862843
-7.30315738885
-8.01952170612
0.25268639768
4.31319984782
29.9003366531
-9.9871451935
11.5391642725
-11.0018864955
34.0472869331
21.721797271
-12.0150309445
14.227806897
40.8716280849
-4.31995505396
-8.25923720261
7.78292414095
2.48219795346
-13.0905294244
-16.5460906684
-2.18992173378
-3.863123576
37.2185738427
4.26054392771
6.31746243628
9.89229926054
18.7884079768
-11.0129761157
14.5218457866
-11.9838987601
1.03577189631
0.561558420897
-0.663365446763
-2.98822544501
37.3484078951
-12.3365705215
-14.5348464761
-2.84501343209
-4.35754543614
-3.22814305043
-24.8365867265
-6.67659431669
-8.19965501856
13.7705594261
-21.9975265271
9.0604947003
-1.08311505313
6.93602301452
7.70132976278
23.7731066208
2.08416216561
-23.2337538508
-0.576284648383
-0.577575064258
-0.181298652228
-1.55287846783
16.7387218224
6.82209654541
13.8896712033
-1.01929226796
32.9308608637
-8.49076247571
-12.1197153386
-7.54529407571
-22.4867246275
5.38865538958
-10.4757161494
11.0372150882
-7.15825909744
-4.10633844027
2.05988560065
8.87363555
-13.0752198531
9.65226049939
-12.6527669475
-12.1495303101
3.67055622077
17.9223113565
-8.13979786834
-10.6931305542
5.67519092238
-13.3032923161
10.0538893557
12.7052486106
6.77587314372
-7.34722255959
-5.87552917232
-5.74445832267
12.0818092929
8.15136076885
32.5331592898
0.0250894079353
8.49318996976
9.17474631931
-2.03345255035
2.9819929222
-6.77048167623
30.4304687261
4.60642735275
4.6077780076
-21.5510026707
4.18139973613
15.6811992461
-19.0977015766
30.7935113087
-8.26253147828
0.374685050372
63.0269429407
-0.171412565619
49.4400278993
-1.49081006093
24.6942623799
-1.40388308054
3.61921603962
-7.06705949772
1.61747116968
50.2044378984
5.66617124024
-19.0014460117
-7.1507365092
-7.44601031734
-23.5833214144
-10.2579210097
-11.2882085462
-7.22605460887
16.1619380757
11.721524199
22.9264604742
-11.3944795584
-14.808844539
6.27802037386
30.2008551514
23.5538061536
14.6992696336
12.9696377281
41.94860504
30.0359219981
14.9886709116
104.384024718
-4.11183500466
-10.9044728086
84.3415839015
49.9467458956
22.8017253603
27.1791624599
-20.9222171487
-5.565493265
34.5994784435
-7.60271756116
-2.54936093423
-0.541508512603
-4.67911187051
15.1472797201
-1.22363438554
-8.38761659196
-6.55055235399
-5.13145227825
21.3588705595
-14.5426992501
8.02732370608
-12.5360162749
-10.109659436
-4.48136057896
-6.68497108339
10.062610546
1.35900281882
12.2232403087
59.8201220338
10.0310489704
-2.69102589046
-20.6152684003
7.2888609195
-0.433154218521
28.3322054662
-4.18415431532
-4.20024845588
39.2021486545
40.4687547092
45.1643516022
6.6104920391
-12.2642961914
-11.8007102744
-0.849668885257
80.3668646581
-14.346623358
4.65486756698
7.11141202538
-13.1466246924
-8.87986801553
-0.95897095587
-7.3451640042
-22.8701606035
-7.46131366545
0.258888643803
-10.8405800592
2.39158014243
5.46858232287
7.07459216257
-7.67436946705
7.0186003355
-0.225664229797
-5.07689917636
-6.09293136086
2.97097033889
-11.3247494302
19.7883349267
-19.5895327803
-4.91143837111
16.8608495408
5.9527960255
-2.66217156409
12.1873733453
12.4155506108
-35.2485879897
11.3562992734
-6.50116287382
-4.67673996059
1.05500445516
-6.95701570951
-0.826494825587
2.73516906443
-7.7800023874
0.871961203529
-6.88066252505
-7.97561349036
2.93743876688
-22.8787026359
0.630272562242
-6.39372768984
-8.73689215889
-17.9881150697
4.19445342646
-13.7847559311
5.35743804877
-15.2311577733
-39.8344911752
-30.2887231776
79.4912069331
9.6797048919
11.0483560223
-17.2058581816
-1.49453727896
107.65427178
6.89498655537
-7.93537299823
-10.9418551436
-2.13006106798
-8.97564934819
-6.88930273249
12.3303831054
-8.78177932759
9.12520193556
-0.744343256483
-10.9944242606
1.52172793687
0.870530735255
-4.59104834013
16.2611387178
-10.2579210097
-8.82230565492
46.1155230526
16.6459601346
6.0303717982
5.68972153646
35.4236806126
17.0366774597
54.3091601417
-10.8871500907
-12.3239634232
0.881879325336
-8.10524007691
-8.09364268406
-2.34652617932
-12.088633674
-4.53836784166
-3.06719291793
0.801962607207
16.3615693348
-2.57564683857
-4.88662813668
-2.85006454411
3.91458675552
-0.424670088887
3.47043118603
0.58447203953
-19.676462518
-14.5852988074
-3.6157113223
-6.88781554756
0.585028216019
-16.8022973998
12.5183196157
7.47871144011
-14.043640447
-1.02776791207
-30.9320105764
-10.056878115
-14.1701028576
-1.97745231863
5.70857541082
7.35397787471
2.62269421842
7.6339719245
-9.53808289053
-7.97141192299
-7.28709764216
-6.3745867706
-7.78221216004
-14.5311743925
-9.21429245589
-8.92683206137
-3.20313615075
-27.388276982
-14.4908262877
1.32450470834
-12.6106809819
7.11641312503
-2.7330369336
7.07508608921
-17.5502343917
7.81236103994
14.0751731535
-18.4951526563
-17.3111310584
7.01222915639
58.2660407278
15.9880542409
13.7305608343
-7.33180836131
-7.06790502141
13.8374439723
-6.85775735183
-3.46839489229
-8.52046231698
-5.79691874742
-7.08007161921
-0.476623901942
-10.8394718985
-3.93046930912
-3.04184131648
-6.38688943212
-8.73689215889
-1.89777434667
3.89117852154
-8.49968415691
-5.97133024033
-4.90983786205
-9.69107459459
-2.40287785417
8.9082246025
-5.65038545168
-15.3738063672
24.5972702962
18.161225511
-13.3710329214
-6.84447588238
13.4582787719
-10.5003886809
-3.48021886152
-6.62555612809
-12.7124405671
-11.5313686928
-7.31466909415
-7.31534522422
-7.77478182338
-9.54999092658
-12.4717089707
2.73516906443
-8.11437555374
-6.06031857494
-9.1223870045
-9.01749235227
-8.52014323982
-5.111833404
-8.76948158886
-7.42661875549
-7.24957410472
-10.2753788108
-1.54315582986
-13.4723324167
-11.0735821156
-5.21094979899
-1.66979050693
-2.85006454411
2.79509281891
0.666404815117
0.657445168728
0.0618259795385
0.243814721516
-3.67155605579
0.61144579281
-0.517925451094
0.423212764935
-5.60659663461
-7.8016047787
12.1919437853
12.7123957198
23.8514359866
13.9068550853
-0.41533989538
23.4182137739
-50.0885726335
-13.1595060026
5.99116487231
10.6245643849
20.2213542811
10.5700671162
-16.8296857928
10.4812658667
8.35384982455
3.68106112803
-24.8054575658
-11.7765563549
-18.9659357041
-38.3297644655
-3.1231566569
-23.3826929171
6.88045295282
174.744832856
81.7522840982
-56.4717015011
-19.3831801207
90.7563249286
1.87532005036
-63.3877966448
-34.0176652884
-12.6004511628
-8.63336419477
-21.6392720565
-21.9013136026
59.0577566182
-18.4742845638
-8.46478205869
-5.63341338746
-1.13643974259
45.3301787754
48.2202830772
-96.9536603846
46.9549751159
-7.13811007806
16.3774406824
14.2368735385
0.815028319363
74.0477206566
1.12894044756
-19.7292913074
14.9842893743
14.6572456071
21.9770039638
-21.9362567567
-12.7747355191
43.1538372978
13.3711510902
7.87646901022
0.3989622119
21.705065145
11.397538602
-65.2056505307
19.1761210964
36.1663530674
6.36099880714
25.3409577555
4.39236667258
-3.86133261167
-26.2451130086
3.1554076925
-21.9581887858
4.68072894495
13.4378134205
-12.6453171962
49.4495441101
8.24861048769
-22.3170409737
-22.34270121
14.6305282994
146.807487787
-1.95277864413
-10.2348640446
17.5978513485
11.2549548407
0.256404259367
-4.77744995148
8.85397779853
11.6309418071
18.7864265524
25.1954128862
4.80940064698
-30.3346692609
8.82403691217
5.32202803948
5.32202803948
11.3077225456
138.640331406
4.16039647776
-19.5729108283
-7.52996266799
147.801188097
0.491422528713
-0.472883387842
5.67993203148
-21.8377637472
4.3452487815
39.3969639641
-4.02197047575
50.8204646201
4.52527943046
-4.38863566905
168.981151059
7.42792582789
-10.5248857922
0.940934051133
-8.63663883632
-14.9049747656
10.1924256711
16.9813924121
-1.14895272902
45.0279796139
3.27303680145
10.9911914327
-0.734031925661
16.3602039358
15.9463119224
10.2013200967
33.5722190318
11.8556480921
-2.68414877535
-2.14332274448
4.97815194316
-3.11269873035
60.6028908047
-4.98909879685
-4.84107809846
14.8165356631
-2.52294489372
5.94279614625
34.2489841458
-15.3018419332
38.694379615
-9.23943943859
-3.60682997593
-12.1490254763
-5.8805644471
12.0156558264
9.45515098316
2.90466569553
-5.59290191167
21.8140825353
51.6081404952
-4.22913391214
-4.90740935587
-8.38635292298
-11.6585202786
0.955444172308
-0.695474318577
1.58185529659
21.4027352871
15.6025364467
8.96856481651
-8.93332783889
-3.77334980883
6.32016757787
9.5279594413
5.00305970767
36.521323584
-3.67494210812
-4.77580413209
11.6471918454
7.73155469151
2.31938954543
4.71538211739
13.8374185844
-3.19017563623
3.40977051763
27.0101869635
-4.54584260521
-13.2417275928
-0.903442621148
1.48851760565
4.68135438249
27.6360820054
-5.53001194914
4.66075267929
4.93256724669
-2.62236833621
4.84280529511
36.0289829844
-14.6540681896
-0.0453067739903
-2.9226674143
-7.88235652443
-0.359627170408
5.6664312993
8.37723303168
9.79604698913
0.268789280996
-10.9913098814
-1.24864619388
5.27062676853
-0.253142832067
4.11147864071
8.82320489439
-1.92933864797
-4.28899752316
4.07709272723
4.40162557951
5.6318384202
-6.15498186981
5.02675728909
2.38518671837
-9.5276519854
-8.6440018788
-2.92986989143
-2.23893500347
-2.31048773682
4.92626822865
-5.31624451622
-2.97140486833
0.213879035875
-4.72712111452
2.72503664747
-3.75798631433
0.0589990442431
-3.30401182383
4.41738841923
-1.36259917527
-1.41987489457
-5.1510298926
-3.70119931445
-3.51155724131
5.78382546423
3.97839665739
4.49788336518
16.0149382616
4.35613024038
-6.21614355409
-0.504345594925
7.42798781194
-6.32267916686
4.84793420739
-2.93909171688
-8.06395131071
-0.593141531342
4.87606967937
5.25516313844
2.47845043779
-4.6403337721
-0.745046590241
1.89529287687
2.81176794071
-0.766503799089
26.3020930245
15.1001012665
0.425949176791
3.25896175495
9.07514962303
18.767343478
18.0172429023
23.0726033474
11.9773057252
39.350107051
9.62130141299
-115.844677813
6.23056579212
18.9498749928
4.18546593021
20.4641832107
-7.44656869027
17.4665256552
-1.27139786878
34.5406068419
5.68929109152
9.84920725073
6.39315768103
-368.539859907
25.445255209
-15.302365462
-35.6500125707
76.4174066748
36.9899247678
19.6959502665
61.6345159372
-6.25921422666
11.1013338022
19.4166132477
32.8744368136
-3.01314608472
6.77303974336
0.128351063332
-28.0627352726
-4.55655888759
-1.58051313577
15.6945464285
-44.4001785053
-1.11051462101
2.98323873469
0.709028529743
7.64295025734
4.01396365757
-3.40113656659
80.8781676218
-91.07801468
-41.08094493
8.94333949768
21.2295575086
19.8328623747
24.6113884903
10.3377114128
43.1375885022
39.5414675679
27.2371542624
10.0139603277
-24.5805303645
3.53018705547
-57.0669084635
10.4779930938
9.81784079262
-38.4760071343
8.88414325657
-0.49680425087
-12.9205561741
-2.79426208965
-0.825660214072
8.67161711804
28.6823890642
-15.1209837037
-9.55810580604
21.6794504146
-5.20703265229
15.0544511744
8.77964688133
9.4895439596
-3.81396849758
16.1317244954
23.5619339619
3.48723921484
63.3478638467
-13.9772608699
-2.27856373986
7.18651913308
-1.49558729841
-2.34361574489
30.9471092616
24.3584360963
7.80458465131
2.64146481306
-5.46311291801
-10.091772323
10.9254247025
16.2300171
-16.3489227295
18.453292963
21.5822344999
-18.9421888329
10.0602871821
-4.28608483908
18.5120138022
0.901147247412
33.5435090975
5.71577031064
-16.3350493086
-3.69065060402
-1.10602433441
-15.6574308821
3.13251731018
-5.66478058572
-3.47361177698
50.0249036668
-1.94343208319
18.7372477992
7.17328575231
-6.30251917273
-6.72587635146
-9.46349915365
15.9295359176
13.2225760993
22.4528837325
28.2702860137
2.05879282902
-17.1987838459
4.97633785189
-7.33191368099
-7.88401789777
-19.1993804431
10.7749802567
7.167397416
-14.7295267272
0.468965641487
16.3691959003
54.2366401023
24.2600487902
-24.4006241179
-1.5496590667
-2.30305212667
-4.202614832
-10.0042788052
14.9869686222
5.36912375623
-0.682076575069
1.23153497155
12.4392220203
12.0246916888
4.03919819275
56.4878758745
7.95516255679
1.23458641199
8.81210879621
23.5442295904
-4.38482736753
18.34292725
-5.87049101234
6.77439111292
4.52756315445
-2.6824650857
9.86567480249
11.6281318256
-3.18016844799
3.96834806651
8.10005560626
1.44205709113
0.571129391467
-1.72425901303
1.22583377226
10.5008168633
29.4066027466
5.70423475928
13.2284532328
2.65641891726
-2.5059054603
-1.33162467154
8.38742915927
4.84305466523
-3.48661724986
1.41053182659
9.29844792433
-7.26160152066
-8.66540369871
13.6271344873
-9.55960373163
20.2536000664
-0.530984010897
-0.530984010897
-3.54102797306
-4.81689616653
4.75243883578
-2.92257512178
8.93949071913
-6.70815791725
1.77342249416
8.52908252351
4.07657510935
20.3933378332
-1.0969878116
31.8458608116
-1.10214542482
28.0299908744
-9.12839419993
17.7744988095
18.4133485262
35.1411514379
3.44025449972
-23.4917777067
7.62005694228
7.73532689683
6.82411684537
-9.57968872484
-7.16606903111
6.14927977616
1.13787598862
8.95214486199
0.335133868509
9.03222229436
-24.428222789
-0.149094360359
9.98131255262
-7.77792104212
-14.0305343955
-8.38178550515
5.26149231264
11.9234620369
28.5045293971
18.6364032797
6.93020485168
-2.47949045873
5.66963636943
21.5353975336
-12.6133508865
20.7777128447
6.88734320238
-15.4682674625
24.7012704282
-0.120807601638
-7.0862527772
7.90672297274
8.8070928701
2.46221891494
-2.60153389007
10.6044540033
-9.58674717868
10.7094884275
0.529962343041
18.0652680985
7.00132040637
-12.5471175854
5.33996921349
-0.480384603094
-4.66298205782
-6.33554166138
6.22268024798
-0.0163755290693
-1.18801484351
16.2276609162
-2.10368959872
-8.01833417469
5.5847993104
35.7247727693
11.1696879957
-6.04132039845
-4.13473587668
13.5055548553
-1.90500859349
63.819939814
17.3872185301
-4.00660991101
4.15391626197
-2.5344253282
-5.10635179781
-6.16802299146
10.9080339494
5.49362721258
6.53037944196
-4.47165844234
-1.95888493996
0.988020976443
-1.41297739976
16.7509708911
32.3769705109
-6.18784915684
7.89894440594
6.24944848632
3.10386373164
9.76059122648
17.7818801531
38.429612224
2.34613540294
-5.07470731696
-5.67944427449
-0.00477475926041
-12.1692098234
0.78993805862
1.82485167133
-3.49842178449
-23.5085253771
6.71301941036
4.3294699116
66.9994680303
1.34594300816
14.295902239
1.44871487672
22.5829550418
-12.4119266681
-10.0255542634
28.1216579824
16.2319401446
-16.1220612791
9.31236446608
-2.58771724116
-2.32603330363
-21.4724871149
0.934445801397
-1.57042384005
2.95173540209
0.966854586829
-14.2504034931
9.04027290292
1.69048750058
-2.69515043334
-4.49792439176
4.11884882171
-18.0168936355
4.79159164223
-3.03817750932
16.2643954368
4.84431250362
2.68323350806
0.776920911729
7.39015975536
3.73586040105
-8.68677547031
2.48442963909
-0.674608834166
-26.5696255134
-6.77313028983
-5.86591766512
1.37313304217
14.447660501
9.29975043188
-3.73654161484
4.50443824055
-9.2013536342
-9.57150736535
-5.3555603179
0.242922290196
-6.85659293462
-0.201970489511
5.25228840686
-1.58886083198
-0.556339931478
6.21737112562
5.2778046325
20.963301963
7.25119576659
6.40927700934
8.3750079875
-2.04491739675
-7.53754659036
-9.48872059753
-4.71364918843
0.133137498348
8.37009075039
7.46152179557
6.96485717756
-7.41545274702
5.3286993126
-12.0264171439
7.34902975858
3.39999779655
1.54756868016
