-0.827586206897
0.0
0.161290322581
0.0
-0.117647058824
4.0
0.865384615385
0.0
0.344827586207
-0.588235294118
-0.782608695652
0.0
0.451612903226
0.0
0.0
0.0662251655629
-0.63829787234
3.26086956522
1.125
0.454545454545
0.0
-5.69230769231
-0.5
-8.0
0.0
12.2222222222
-1.40350877193
-0.551724137931
0.0
0.0571428571429
-0.210526315789
0.0
-0.479452054795
0.166666666667
0.0689655172414
-0.461538461538
-0.561797752809
0.0
0.0
-0.632183908046
0.0
0.190476190476
0.4
-0.514285714286
0.545641025641
-1.7037037037
0.0
-1.5
0.0
0.0
-0.235294117647
-1.125
0.725806451613
-1.22448979592
-1.42857142857
-1.73913043478
-0.216216216216
0.0
-0.6
2.96296296296
-1.0
5.28888888889
-0.153846153846
-3.83333333333
0.0
-1.37323943662
0.222222222222
-0.30303030303
1.15151515152
5.42857142857
0.133333333333
-0.148148148148
-0.6
0.0
0.0
3.33333333333
-9.55555555556
0.5
0.0
-0.56
0.824175824176
0.294117647059
0.77519379845
0.888888888889
0.606060606061
0.0
0.0
0.0
-3.76923076923
-0.285714285714
0.0
1.0
-1.1320754717
-0.388888888889
-0.0406504065041
-0.2
0.266666666667
0.25
0.0
-0.735294117647
0.344827586207
0.0
-0.666666666667
0.0
0.0
0.0
-1.125
-0.428571428571
0.222222222222
0.0
0.875
0.0
-0.25
0.380952380952
-0.144927536232
0.0
0.418410041841
-0.555555555556
2.06896551724
-0.461538461538
0.388349514563
0.21186440678
-1.41666666667
0.0
1.25
0.128205128205
-5.28571428571
1.17647058824
-0.25641025641
0.0
0.652173913043
0.0
0.142857142857
-4.09090909091
0.577777777778
0.0
2.0
0.376344086022
-1.25
0.0
1.42857142857
2.27272727273
-0.740740740741
-0.402298850575
0.769230769231
-0.78125
-2.32
-1.0
0.0
-0.0943396226415
0.0
0.0
0.0
0.315789473684
-0.3999968
-0.111111111111
-0.75
-0.666666666667
-1.17647058824
0.521739130435
-0.813953488372
-1.5
-0.0408163265306
-4.72941176471
0.0
0.0
0.304166666667
-0.409090909091
0.769230769231
0.0
0.34188034188
-0.148148148148
0.571428571429
0.137931034483
1.25
-0.8
-0.807692307692
-0.666666666667
0.0624024960998
-3.53125
-1.11111111111
0.12
0.566037735849
-1.4
-0.545454545455
0.0
0.882352941176
0.6
0.0
0.360824742268
-2.85714285714
0.0
-1.1
-1.45833333333
0.0
0.851063829787
-0.0258058064516
0.19801980198
0.745614035088
1.57894736842
0.466666666667
1.4
0.0
0.588235294118
2.85714285714
-1.85714285714
-0.235294117647
0.0666666666667
0.0
-0.322580645161
-0.740740740741
0.119047619048
0.0
0.646153846154
-8.875
0.0
-0.357142857143
0.0
0.0
0.119047619048
-0.285714285714
0.0
0.0
0.555555555556
0.0
0.0
-0.7
-2.68181818182
0.0
0.0
0.730158730159
0.581395348837
0.551724137931
0.4
-0.277777777778
-0.843373493976
1.60714285714
1.14285714286
0.0
0.0
1.80952380952
0.0
0.30303030303
-0.764705882353
0.0
-1.03448275862
0.0
-0.0285714285714
-1.11111111111
0.0
0.4
0.0
-4.28571428571
-2.83582089552
0.121212121212
0.117647058824
-1.25
-0.0568181818182
0.405405405405
0.598290598291
-1.25
0.210526315789
-2.06293706294
0.461538461538
0.588235294118
0.0
0.120481927711
-0.566037735849
3.33333333333
-0.263157894737
-0.3
-0.4
1.5
0.4
-0.64
-0.866666666667
0.0
0.666666666667
1.02127659574
2.0
0.0
0.714285714286
-0.285714285714
-0.357142857143
0.5625
-0.808080808081
-7.7
1.25
2.95454545455
-0.266666666667
0.727272727273
0.077519379845
0.0
0.652173913043
0.666666666667
0.0
1.64383561644
1.5
0.2
13.5
0.0
1.42857142857
0.0
-0.95652173913
1.41666666667
-0.571428571429
-1.27272727273
-0.789473684211
1.5306122449
1.22222222222
0.0
0.714285714286
0.4
-2.5
0.846153846154
0.508474576271
-0.24
4.3
0.0452488687783
-1.52173913043
0.0
0.461538461538
-0.37037037037
0.478260869565
0.0
1.27272727273
-0.833333333333
-1.9696969697
-1.09375
0.0
-0.350877192982
-2.05882352941
0.722222222222
0.03125
0.151515151515
0.666666666667
0.380952380952
0.3
1.84615384615
-0.727272727273
-0.363636363636
-4.66666666667
0.0
-0.545454545455
-1.22807017544
-0.206896551724
0.0
2.02702702703
0.222222222222
0.0
0.0
0.25
0.333333333333
-0.217391304348
0.0
0.373300970874
0.6
0.0
0.0
-2.60869565217
-1.09090909091
-6.11764705882
-0.1
-1.94285714286
1.0
-0.705882352941
0.0
0.390243902439
0.0
0.0
-1.6
1.06666666667
-1.6
-4.01467505241
-1.98717948718
-0.185185185185
-3.475
0.0
0.0
0.0
0.0
-1.05263157895
-2.38095238095
2.08333333333
0.0
-0.444444444444
0.0
1.01694915254
0.0
0.210526315789
0.322580645161
-0.714285714286
0.0
0.0
-0.0670972070788
0.0
-0.95652173913
0.0
-0.666666666667
3.65079365079
-0.24
0.133333333333
2.14285714286
-2.67441860465
1.33333333333
0.0
1.22222222222
0.0
1.25
-0.43956043956
0.153846153846
-4.5
1.0
0.0
0.0
0.0
0.0
0.0769230769231
-0.806451612903
1.2380952381
-2.32
-0.375
0.0
-1.25
1.54639175258
0.0
-1.94285714286
-0.875
-0.666666666667
1.1320754717
0.0
-3.13846153846
0.102040816327
0.102040816327
0.689655172414
0.333333333333
0.0
0.0
-0.3125
0.208333333333
-0.869565217391
0.0
0.470588235294
0.0
0.0
0.307692307692
2.5
-0.63829787234
0.755597014925
0.0
0.0
-1.0
0.0
-0.552380952381
1.23076923077
0.0
0.0
0.0
0.0
0.294117647059
0.285714285714
0.333333333333
-0.454545454545
0.3125
-0.4
5.81818181818
0.434782608696
0.888888888889
0.0
-1.0
-2.5625
-0.441176470588
0.0
-0.615384615385
0.0
-0.925925925926
0.0
-1.5
0.0
0.30303030303
0.0
0.0
0.285714285714
0.0
0.379746835443
0.0
-0.0881057268722
-2.60707635009
0.0
0.360576923077
0.0
0.705882352941
1.04761904762
0.909090909091
0.454545454545
0.3
1.46341463415
0.0
-0.333333333333
0.0
0.952380952381
0.0
1.10256410256
-1.53846153846
0.0
1.25
-0.37037037037
0.822956521739
0.0
-0.32967032967
-0.0967741935484
0.0
0.315789473684
1.11111111111
0.0
0.32
0.227272727273
-5.0
0.0
0.0
0.5
0.333333333333
-0.934579439252
-1.92307692308
-0.520833333333
-0.157480314961
0.235294117647
11.32
0.42328042328
0.455696202532
1.57894736842
0.0514018691589
0.642857142857
4.34782608696
0.0
-0.588235294118
0.0
-0.321428571429
-1.6
-0.222222222222
-0.75
-1.77570093458
0.0
-0.14598540146
-0.769230769231
-1.51111111111
4.43181818182
-15.6
1.8085106383
0.0
-0.75
0.277777777778
0.192307692308
1.48148148148
-2.74736842105
-0.201342281879
0.1
-2.39705882353
-0.714285714286
0.0
-0.37037037037
-23.4545454545
1.0
1.58974358974
-2.91666666667
0.0
0.555555555556
1.27272727273
-0.923076923077
1.89189189189
1.20689655172
0.6
3.26086956522
0.666666666667
-0.25
1.51162790698
0.0
0.5
0.0
2.22222222222
-1.6
0.0
0.2
1.05882352941
0.181818181818
-0.384615384615
0.32967032967
0.148148148148
-0.285714285714
0.0
1.25
0.0
-0.232558139535
0.0
0.0
0.0
1.69724770642
0.0
0.538461538462
0.291666666667
1.17647058824
0.0
0.594594594595
0.0
0.93023255814
0.0
0.392857142857
0.0
-2.44444444444
0.433333333333
-0.3125
0.142857142857
0.0
-1.08695652174
0.178571428571
0.0
-1.77142857143
0.333333333333
-0.236686390533
0.0
-0.714285714286
0.0
-0.322580645161
-0.898876404494
0.24
0.0
0.967741935484
0.0
0.0
-0.0571428571429
0.285714285714
0.0
-0.0531914893617
0.0
0.0
0.0
-1.0
-0.230769230769
0.0689655172414
0.416
-0.705882352941
0.0
0.0
-0.931677018634
0.266666666667
0.0
0.0625
0.0
0.27027027027
-0.285714285714
-1.8
0.333333333333
-0.512820512821
0.0
-0.95652173913
0.570469798658
-1.73913043478
0.204081632653
0.0
0.555555555556
0.210526315789
-0.0714285714286
-1.11111111111
0.0
-0.0706713780919
0.0
0.5
0.126582278481
-0.172413793103
-0.17094017094
-3.23170731707
-0.888888888889
-0.103092783505
-0.666666666667
0.0
0.193548387097
0.0
-0.285714285714
0.64
-0.547945205479
-0.0833333333333
0.0
0.0
0.30303030303
-0.512820512821
-3.22580645161
0.37037037037
2.5
0.0
0.576923076923
0.277777777778
-0.140845070423
0.0714285714286
-0.212765957447
0.357142857143
0.0
1.58536585366
0.0
0.0
0.833333333333
-0.180722891566
0.0
0.0
-0.533333333333
0.0
0.222222222222
0.0
-0.297619047619
0.4
-0.315789473684
-0.229885057471
0.0
-0.428571428571
-0.26941362916
0.0
-1.53846153846
-2.66666666667
0.961538461538
0.0
-0.612244897959
0.0
0.0
0.0
-0.526315789474
-0.0444444444444
1.13043478261
-0.0925925925926
2.16666666667
-0.666666666667
-0.46875
0.0
0.0
0.0
0.444444444444
1.05263157895
-1.33333333333
0.0
0.571428571429
0.0
-0.54347826087
0.0
0.0
0.851063829787
-0.208333333333
0.769230769231
-0.344827586207
0.0
-0.6
0.567741935484
-1.58227848101
0.0
1.21785714286
1.02272727273
0.0
0.0
0.0
0.285714285714
0.606060606061
-1.0752688172
-0.180952380952
0.56
-0.21164021164
0.0
0.645161290323
-0.37037037037
0.581395348837
0.827586206897
0.0
0.0
0.0
-1.6
0.0
-2.63157894737
-0.13698630137
0.0
0.0
0.0
0.0
0.155440414508
0.968992248062
0.5
0.384615384615
0.384615384615
8.57142857143
0.0
5.94545454545
-0.694444444444
-1.78947368421
0.0
-0.0769230769231
0.0
-0.0877192982456
0.0
-0.810810810811
0.0
-1.71428571429
4.44444444444
1.28
-0.416666666667
6.0
2.125
0.0
0.0
-0.545454545455
0.0
-0.375
0.358974358974
1.14285714286
-1.13636363636
0.0
-1.18181818182
1.79104477612
0.0
0.0704225352113
0.461538461538
0.0
-3.14516129032
-0.615384615385
-0.93023255814
0.0649350649351
0.421052631579
1.02564102564
0.0
0.153846153846
1.24087591241
0.0
-0.810810810811
0.454545454545
0.0
-0.254777070064
0.0
-0.142857142857
5.71428571429
-0.555555555556
-0.666666666667
-0.181818181818
0.964912280702
3.07142857143
0.0
-1.0
0.0
0.88785046729
0.0
1.89189189189
0.45871559633
-1.60975609756
-0.0461799660441
0.444444444444
-0.555555555556
-0.132450331126
-1.05263157895
0.0
-0.111111111111
0.0
0.0
-0.115384615385
-0.208333333333
0.0
0.0
-0.875
0.10152284264
0.0869565217391
0.146428571429
-0.277777777778
0.0
-0.611111111111
1.0
-0.727272727273
0.0
0.666666666667
0.571428571429
-1.0
-0.666666666667
8.23529411765
0.0
-0.0526315789474
3.65384615385
0.0
2.5974025974
-0.113923417722
0.0526315789474
0.56
-0.357142857143
0.0
1.22881355932
0.0
0.0222222222222
0.266666666667
0.0
2.70588235294
0.0
0.0
2.08333333333
0.933333333333
-3.33333333333
0.0
-0.281690140845
0.277777777778
-2.94736842105
0.277777777778
-0.612244897959
-0.121951219512
0.606060606061
0.3125
-1.44927536232
-0.154166666667
-0.645161290323
2.77777777778
0.347826086957
0.0
0.0
0.0
6.44230769231
0.479452054795
1.28834355828
0.175438596491
-0.689655172414
-0.857142857143
1.19047619048
1.33333333333
-0.0952380952381
0.208333333333
0.0
-1.66666666667
0.0
-0.148148148148
-5.33333333333
-0.411764705882
-0.357142857143
-0.121212121212
-0.662251655629
0.0
1.75757575758
0.0625
-0.25
-6.77647058824
-0.588235294118
-0.958904109589
-0.27027027027
-1.32
0.0
0.02
-1.33333333333
0.0
0.0
-0.0869565217391
0.0
0.242424242424
0.0
0.0
-0.176691729323
0.181818181818
0.0
0.0
0.0
0.0
0.0
-0.0769230769231
-2.22222222222
0.508474576271
0.0
-3.1914893617
0.173913043478
-1.27659574468
0.0
-0.0649350649351
0.533333333333
0.0
-2.43902439024
-0.588235294118
-0.555555555556
-0.75
1.34693877551
0.0
0.0
0.0
0.0
0.0
-0.0833333333333
-0.227272727273
0.0
0.526315789474
-0.8
-3.33333333333
-0.3125
-4.44444444444
0.396825396825
-3.87755102041
0.41095890411
0.117647058824
0.571428571429
0.0
0.148148148148
0.0
0.0
1.53846153846
0.0
0.0
0.0
0.0
-1.37931034483
-0.266666666667
0.0
-1.80555555556
0.0
0.0606060606061
-9.53846153846
0.384615384615
0.0
0.3
4.6
0.0
0.0
-0.117647058824
-0.197368421053
0.0
0.0
-0.588235294118
-0.283018867925
6.57142857143
-0.15306122449
0.0
-0.0833333333333
0.0
0.0
0.0
-0.542635658915
-0.022918883523
1.44927536232
1.38461538462
0.3
0.0
-0.21978021978
0.538461538462
-0.8
0.0
-0.0715789473684
-0.285714285714
0.0
0.0
-0.411764705882
0.857142857143
-0.606060606061
0.277777777778
-0.0526315789474
0.0
0.0
0.0
0.0
-0.2
0.0
0.0
2.2
0.0
0.666666666667
0.0
0.0
0.32
0.344827586207
-0.378787878788
0.833333333333
2.0
0.0
0.0
0.0
0.857142857143
-0.914634146341
-0.25
-0.395714285714
0.533333333333
1.38004246285
0.296296296296
0.0
-1.02040816327
0.0
2.22222222222
0.69387755102
0.0
0.0
0.0
-2.77777777778
-0.285714285714
-0.625
0.0
0.625
-1.46341463415
-1.38823529412
-6.36363636364
0.344827586207
-0.36
0.0967741935484
0.0
0.0
-1.6
0.263157894737
0.444444444444
-0.869565217391
-0.0454545454545
2.8813559322
-0.736543909348
-2.83720930233
-1.2987012987
-0.583333333333
0.75
0.0
-0.190476190476
-1.84615384615
0.0
-0.625
2.41935483871
-0.333333333333
0.0
0.909090909091
-0.352941176471
0.0
0.0
0.894736842105
-0.173913043478
0.0571428571429
0.553846153846
-0.285714285714
0.0
0.0
-0.146666666667
25.0
0.0
-0.666666666667
-1.08974358974
2.1935483871
1.14285714286
0.0
0.0
-0.229885057471
0.666666666667
0.352941176471
-0.5
0.0
-0.41095890411
0.0
0.0
0.298507462687
0.176470588235
-0.172413793103
0.0
2.69230769231
0.0
-0.0266666666667
-0.309278350515
0.235294117647
0.0
-3.01204819277
1.32653061224
0.0
-0.297872340426
-0.774193548387
-0.208333333333
0.25
0.342465753425
0.0
0.0
3.15789473684
0.0
-0.106382978723
0.0
-1.47058823529
0.0
0.0
0.0
0.0
-0.0869565217391
0.0
0.0
-0.1875
0.0
0.1875
3.25670498084
0.0
-0.5
0.375
-0.46875
0.0
-0.357142857143
0.0
0.404761904762
0.869565217391
0.0
-0.181818181818
0.0
0.0
0.0
-0.333333333333
0.0
0.460829493088
-0.63829787234
5.4
-1.22807017544
0.0
-0.187096774194
0.0
2.03076923077
0.0
0.142857142857
-3.23076923077
-0.746987951807
0.4
-0.142857142857
-0.20618556701
0.0
-0.0494791666667
0.0
-0.333333333333
-0.594594594595
1.17647058824
0.0
0.0
0.0
1.73267326733
0.0
-3.11538461538
0.0
1.36363636364
0.0
-1.57446808511
-0.142857142857
0.0
2.57142857143
0.0
0.666666666667
-0.9375
0.0
6.25
-1.125
-0.925925925926
1.06060606061
0.0
0.0
0.0
-0.796666666667
0.578947368421
-1.11111111111
-0.307692307692
27.7272727273
-0.444444444444
-0.293103448276
0.0
0.0
0.0
0.470588235294
0.0
2.35555555556
0.0
0.322580645161
1.97095435685
0.564102564103
-0.185185185185
-0.140845070423
1.90476190476
0.212765957447
0.235294117647
-0.102040816327
-0.666666666667
0.461538461538
3.17307692308
-0.656565656566
-0.56338028169
-0.9992
0.921052631579
0.0
0.0
0.0
0.0
0.0
-1.0
0.111111111111
0.0
0.3
0.140466845693
-0.272727272727
0.27027027027
0.131578947368
0.0
-0.924369747899
-0.0909090909091
-0.916173913043
0.0
0.0
-0.666666666667
4.83333333333
-2.85714285714
2.74074074074
-0.193548387097
2.38805970149
0.4375
0.0
1.14285714286
0.0
1.32352941176
0.0
3.07692307692
-1.14285714286
0.375
-0.923076923077
0.222222222222
0.617283950617
-0.138248847926
0.0
0.0
1.16666666667
0.0
1.20689655172
1.93333333333
-0.510204081633
0.0
0.866666666667
0.0
0.0
0.0
0.823529411765
-2.26086956522
-0.0729927007299
-0.444444444444
0.0
-0.772727272727
0.0
2.5
0.0
-7.96470588235
0.774647887324
0.0
-0.104712041885
-1.28
2.2625
0.0
0.0
-1.55555555556
0.0
-2.03389830508
1.05263157895
0.0
0.6
0.0
-0.25
0.533333333333
3.29411764706
1.47368421053
0.0
1.54545454545
0.0
-1.52173913043
0.416666666667
1.88172043011
1.22448979592
1.29411764706
-0.380952380952
0.608695652174
0.0
-1.48514851485
0.0
2.375
0.222222222222
0.0
0.0980392156863
-1.42307692308
0.0
0.555555555556
-0.173913043478
-2.3275862069
0.0
-0.125
-0.459770114943
-1.07142857143
0.0
38.5714285714
0.0714285714286
0.0
0.0
0.0
-0.300751879699
0.471698113208
0.0
1.0
0.421052631579
3.83333333333
0.5
0.0
0.0
0.515463917526
0.0
5.16129032739e-06
-0.8
0.0
2.5671641791
-0.0740740740741
0.138888888889
0.0
-0.434782608696
0.0
-2.47058823529
-0.526315789474
0.0
0.615384615385
-2.5
0.0
0.222222222222
-0.2
0.681818181818
0.0
-0.25
-0.566037735849
0.473958333333
0.0
-0.866666666667
-0.221238938053
0.148148148148
-0.625
-0.173913043478
-0.037037037037
0.0
-0.10152284264
1.07142857143
1.30434782609
-3.0
2.77777777778
0.25641025641
-0.661157024793
-1.44444444444
-4.25
-1.6
2.34482758621
0.697674418605
0.0555555555556
7.25
0.272727272727
6.85882352941
0.0
0.0
0.0
0.0
0.0
-0.434782608696
0.0
0.0
0.0
0.0
0.0
0.0
-0.0507614213198
0.0
-0.875
0.0
0.0
0.0
0.0
-0.666666666667
0.792079207921
-0.365853658537
0.0
0.0
0.0
-0.291666666667
-0.222222222222
-0.0392830837221
-5.87301587302
0.0
-0.363636363636
0.0
0.0
-3.33333333333
-0.333333333333
1.47826086957
0.117647058824
-0.153846153846
-2.32876712329
1.42857142857
-0.235294117647
0.384615384615
0.0
0.0
-0.426666666667
0.0
0.0
0.526447731261
1.0
-0.0923076923077
-0.140845070423
0.0
0.0
0.142857142857
-0.588235294118
-1.69230769231
1.67741935484
0.857142857143
-2.575
2.28571428571
0.20725388601
0.0
-0.395714285714
0.0
-0.735294117647
0.222222222222
5.33333333333
0.430107526882
0.909090909091
-0.88
0.0
0.0
0.0
-0.0322574193548
0.0
0.0
2.75
0.544217687075
-2.18181818182
-0.322580645161
0.311526479751
-1.05263157895
1.38461538462
-0.25
-1.52941176471
-0.400729927007
0.0
-0.243902439024
0.0
0.578947368421
0.0291828793774
0.0
0.08
-0.857142857143
0.47619047619
0.0
0.0
3.08333333333
0.0
0.0
0.0
0.0
0.0
-0.166666666667
-1.5
-1.11111111111
-0.63829787234
1.42045454545
1.66666666667
0.0
-0.188976377953
-0.45652173913
0.656565656566
0.0
0.0
0.625
0.0
0.777777777778
0.0
0.0
0.432098765432
0.542857142857
0.117647058824
0.382513661202
-0.868965517241
0.0
-0.219298245614
-0.0769230769231
0.30487804878
0.0
-0.652173913043
-4.94845360825
-0.43795620438
0.0
1.90909090909
-0.285714285714
-0.296296296296
-0.37037037037
0.121212121212
3.46666666667
4.2
0.0
0.943396226415
-0.422535211268
-0.0943396226415
0.0
-5.87301587302
0.0
0.0
1.17647058824
-0.616013071895
-0.816326530612
0.0
0.153846153846
-0.636363636364
0.00769230769231
0.0
-0.241935483871
0.0
0.0
-0.138888888889
1.875
-0.555555555556
-0.235294117647
0.375
-2.0
2.92307692308
1.11436950147
6.33333333333
0.967741935484
0.178571428571
0.428571428571
4.4
0.0
-0.25
1.94647201946
0.204081632653
0.0
-0.157480314961
-0.0421787234043
0.618556701031
0.0
-2.12121212121
1.65217391304
0.0
-3.09583333333
-0.05
-0.4
0.8
0.0
0.0
-0.163043478261
0.0
-0.324324324324
0.0
0.576923076923
2.85714285714
0.4
1594 1632
