0.137931034483
0.582524271845
0.322580645161
-0.222222222222
-1.23529411765
-2.0
-0.0961538461538
0.740740740741
-0.689655172414
-1.17647058824
0.173913043478
0.0
-0.387096774194
0.0
0.0
0.331125827815
-0.106382978723
1.19565217391
2.58333333333
0.0
-1.05882352941
-6.92307692308
-2.5
-15.7142857143
-0.178571428571
-4.72222222222
0.0
3.24137931034
0.0
0.0571428571429
-0.210526315789
0.25
0.13698630137
0.333333333333
0.0
-5.84615384615
-0.224719101124
0.211267605634
0.0
-0.114942528736
0.0
0.0
0.7
1.14285714286
-0.25641025641
1.82407407407
0.0
-0.65
0.0
0.0
-0.823529411765
-0.25
1.12903225806
-0.510204081633
-0.571428571429
-0.217391304348
2.48648648649
0.0
0.2
2.59259259259
-1.25
2.31111111111
-4.0
-3.33333333333
0.0
0.140845070423
0.0
-0.757575757576
0.666666666667
5.28571428571
2.8
0.103703703704
0.1
-1.0
-0.0454545454545
-2.73333333333
-21.5555555556
0.0
0.0
0.8
0.824175824176
-0.294117647059
-0.645994832041
1.66666666667
0.0
-0.0909090909091
0.0757575757576
0.0
-10.3230769231
-0.542857142857
0.0
2.25
0.188679245283
-0.833333333333
-0.447154471545
0.0
-0.4
0.125
0.0
-0.735294117647
-0.48275862069
0.0
-0.133333333333
2.38095238095
0.0
0.0
-2.625
-0.285714285714
0.0
0.25641025641
1.375
0.0
0.0
1.90476190476
1.3768115942
2.63888888889
-2.60344026034
2.5
-2.62068965517
0.553846153846
-0.970873786408
0.169491525424
-0.916666666667
-0.648648648649
0.416666666667
1.92307692308
-7.14285714286
-0.808823529412
-0.897435897436
0.0
3.91304347826
0.0
0.0714285714286
-2.27272727273
0.0
0.0
-2.15384615385
0.537634408602
-1.5625
-0.277777777778
3.28571428571
0.0
2.03703703704
0.574712643678
4.0
-0.46875
-3.144
-0.666666666667
0.0
0.283018867925
-0.692307692308
0.0
0.0
0.526315789474
-3.6
0.333333333333
0.0
-0.666666666667
0.147058823529
0.217391304348
0.116279069767
-0.5
-1.02040816327
-0.588235294118
-2.2
0.0
-0.0416666666667
0.954545454545
-2.55384615385
0.0
-1.02564102564
0.222222222222
1.14285714286
0.344827586207
0.0
2.73333333333
-1.46153846154
-0.5
1.09204368175
-0.28125
-1.48148148148
0.4
1.7358490566
-2.6
0.909090909091
-2.57142857143
2.82352941176
2.69230769231
-0.333333333333
0.0515463917526
-0.428571428571
0.311111111111
1.03333333333
-0.416666666667
0.0
-1.06382978723
-0.0193548387097
-0.693069306931
0.701754385965
-0.210526315789
-3.63333333333
5.2
0.0
0.352941176471
2.04081632653
-1.57142857143
-0.529411764706
0.0444444444444
1.90909090909
0.0
-0.740740740741
0.654761904762
0.887096774194
0.584615384615
-3.875
0.0
-1.0
0.0
0.0
0.0
0.0
-0.625
0.236220472441
1.0
0.2
0.0
-0.3
-3.54545454545
-0.571428571429
0.0
1.68253968254
1.62790697674
0.0689655172414
-1.32
-1.27777777778
-0.120481927711
0.357142857143
0.142857142857
0.210526315789
0.0
-4.55238095238
0.344827586207
-0.545454545455
0.0
-0.263157894737
-2.27586206897
0.0
-0.285714285714
-1.48148148148
0.0
0.666666666667
0.0
-1.42857142857
-2.31343283582
-0.30303030303
-0.352941176471
-0.833333333333
0.113636363636
1.48648648649
0.598290598291
3.4375
0.5
-0.559440559441
0.0
-0.147058823529
0.0
0.120481927711
-0.660377358491
-3.33333333333
0.0
-0.9
0.133333333333
-0.5
0.2
0.72
-0.333333333333
0.0
-1.93333333333
0.978723404255
-1.33333333333
0.588235294118
-1.42857142857
-0.457142857143
-0.714285714286
-1.0
-0.959595959596
-0.1
1.83333333333
-0.227272727273
-0.8
0.0
0.387596899225
0.0
-0.54347826087
0.0
0.0
4.65753424658
1.75
0.833333333333
1.5
-0.576923076923
1.5
0.0
-2.52173913043
2.5
0.380952380952
0.545454545455
2.89473684211
-0.0612244897959
-0.555555555556
0.0
-0.904761904762
-1.24444444444
-3.75
-1.15384615385
0.610169491525
-0.56
0.5
0.678733031674
-3.47826086957
0.222222222222
0.0
-0.185185185185
0.217391304348
0.0
-2.0
0.555555555556
-1.13636363636
0.9375
0.0
-1.05263157895
-4.70588235294
-1.05555555556
0.0
0.151515151515
1.66666666667
-0.714285714286
0.0
2.73076923077
0.545454545455
-1.45454545455
-5.76190428571
0.571428571429
0.0
-3.68421052632
-0.620689655172
1.81818181818
1.08108108108
0.177777777778
0.625
0.0952380952381
-0.75
0.0
0.434782608696
-0.454545454545
-0.194174757282
3.0
0.0
0.0
0.434782608696
-0.272727272727
-3.05882352941
-0.3
-2.14285714286
0.0
-0.294117647059
1.03333333333
-0.926829268293
-0.0909090909091
0.0
0.8
1.06666666667
1.52
7.70440251572
-1.02564102564
-3.88888888889
-0.766666666667
0.105263157895
0.0
-0.142857142857
0.0
0.263157894737
-2.09523809524
0.833333333333
0.0
3.46666666667
0.210526315789
-1.35593220339
0.0
0.684210526316
0.0645161290323
-0.142857142857
-0.0662251655629
0.535714285714
0.530906651011
-0.4
0.652173913043
0.0
-1.0
-3.09523809524
-0.76
-1.0
-1.66666666667
-1.39534883721
-5.33333333333
0.0
1.55555555556
1.18421052632
-3.39285714286
0.769230769231
-1.15384615385
3.5
0.416666666667
0.0
1.66666666667
0.0
0.15724137931
0.0769230769231
-0.564516129032
-0.380952380952
-3.144
-0.375
0.0
1.25
0.412371134021
0.0
-2.14285714286
0.125
0.0
-2.07547169811
0.0
1.23076923077
-0.714285714286
1.02040816327
2.75862068966
1.03333333333
0.0
0.0
0.0625
0.333333333333
-1.95652173913
0.0
1.52941176471
0.0
0.0
1.0
-4.64285714286
0.0
-0.205223880597
0.0
0.0
-0.666666666667
-0.833333333333
0.87619047619
2.46153846154
0.0
0.0
0.615384615385
0.0
0.294117647059
0.0952380952381
0.666666666667
-0.909090909091
-0.25
2.53333333333
-1.45454545455
-2.17391304348
1.11111111111
0.533333333333
-1.0
1.75
1.76470588235
0.365853658537
0.0
0.0
-0.324074074074
0.0
1.25
0.3125
-1.51515151515
0.27397260274
0.0
-1.33333333333
0.152284263959
-0.0632911392405
0.0
-0.616740088106
2.53258845438
0.0
1.22596153846
0.0
0.235294117647
0.0
0.545454545455
-0.727272727273
-0.3
1.46341463415
0.0
-0.833333333333
0.0
1.66666666667
0.454545454545
-0.410256410256
2.69230769231
0.0
-0.729166666667
-0.37037037037
-0.608695652174
-0.636363636364
0.0
-0.351612903226
0.0
0.0
0.5
0.0
0.0
0.227272727273
-1.875
-8.88888888889
0.0
1.875
0.777777777778
0.766355140187
-2.76923076923
2.70833333333
0.0787401574803
2.11764705882
7.2
-0.740740740741
4.58227848101
0.0
-1.02336448598
-0.642857142857
3.47826086957
-2.4
0.411764705882
-0.2
0.0952380952381
5.8
-0.333333333333
-0.913043478261
-0.654205607477
0.0
-0.14598540146
-0.576923076923
-1.28888888889
0.113636363636
-11.0666653333
1.59574468085
-1.2
0.125
2.77777777778
3.26923076923
-1.7037037037
11.3157894737
-1.18926174497
-5.3
-3.36764705882
-0.714285714286
0.0444444444444
-1.18518518519
-19.103030303
3.33333333333
0.512820512821
-6.78333333333
-0.25
2.0
2.72727272727
0.923076923077
1.18918918919
0.172413793103
-3.25
5.39130434783
-0.166666666667
0.05
-0.523255813953
0.0
-1.1
0.631578947368
0.634920634921
2.0
0.0
-0.4
0.5
1.81818181818
0.0
1.97802197802
1.55555555556
0.0
-0.714285714286
-1.75
0.0625
0.377906976744
0.0
2.0
0.0
2.07568807339
0.0
0.461538461538
1.875
1.47058823529
0.705882352941
0.972972972973
0.338983050847
0.93023255814
0.0
0.357142857143
0.105263157895
-1.92592592593
-0.7
-0.3125
-1.14285714286
0.416666666667
0.478260869565
0.535714285714
0.15724137931
-2.57142857143
0.0666666666667
3.49112426036
-0.35
-0.357142857143
0.0
-0.645161290323
-1.01123595506
-0.4
0.0
-1.29032258065
0.0
0.171428571429
0.4
0.0714285714286
0.0
0.425531914894
0.222222222222
-0.2
0.0
-0.25
-0.384615384615
-0.137931034483
-0.328
-1.88235294118
0.41958041958
2.75
0.326086956522
1.33333333333
-2.0
0.0625
0.576923076923
-0.486486486486
1.61904761905
21.84
0.222222222222
0.512820512821
0.0
-0.869565217391
0.671140939597
-0.54347826087
-1.15646258503
0.0
-1.25
2.42105263158
0.0714285714286
-5.65656565657
-0.117647058824
-2.75618374558
0.0
-0.375
0.126582278481
-0.172413793103
-0.512820512821
-5.85365853659
0.111111111111
-0.154639175258
-2.0
0.0
0.0
0.242424242424
-0.428571428571
-1.6
-0.342465753425
1.11666666667
0.0
-0.914285714286
-0.545454545455
0.25641025641
-2.25806451613
0.37037037037
1.0
0.0
0.0
0.347222222222
1.12676056338
-0.142857142857
-1.41843971631
0.571428571429
0.0
0.243902439024
0.0
-0.211267605634
0.648148148148
1.32530120482
0.0
0.0
0.266666666667
-0.210526315789
0.0
0.294117647059
-0.357142857143
0.685714285714
-0.105263157895
0.229885057471
-0.39603960396
-0.428571428571
-0.871632329635
-0.365853658537
-7.5
0.1
0.576923076923
0.0
0.510204081633
0.0
0.0
0.0
-0.460526315789
-0.222222222222
0.695652173913
0.648148148148
5.83333333333
0.133333333333
0.1484375
0.0
0.0
0.0
-1.11111111111
0.0
-0.222222222222
-0.277777777778
0.428571428571
0.0
0.217391304348
0.0
1.0
0.31914893617
0.833333333333
-1.11111111111
-0.620689655172
0.0
-2.2
13.935483871
-1.10759493671
0.10989010989
2.28571428571
0.681818181818
-0.397350993377
0.0
0.0
2.0
0.0909090909091
-1.0752688172
-1.47142857143
-0.8
0.634920634921
-0.4
-0.322580645161
0.123456790123
0.0581395348837
-0.586206896552
0.0
1.66666666667
-0.357142857143
-1.73333333333
0.0
0.0
-0.27397260274
0.0
0.0
0.0
-0.117647058824
-0.20725388601
-0.945736434109
1.25
-0.769230769231
0.461538461538
4.57142857143
-0.25
-0.854545454545
0.0
-0.526315789474
0.0
0.769230769231
0.0
0.175438596491
1.0
0.0
0.0
-4.38095238095
3.45679012346
2.04
-0.25
3.89090909091
8.25
0.0
0.0
-0.272727272727
-1.15384615385
-0.9375
0.102564102564
-0.571428571429
-1.21212121212
0.0
4.09090909091
-1.49253731343
0.0
-0.140845070423
0.0
1.38888888889
-0.403225806452
-2.30769230769
-1.51162790698
-0.649350649351
0.421052631579
2.19230769231
0.0
1.84615384615
0.875912408759
0.0
-0.540540540541
-0.727272727273
-0.631578947368
-0.636942675159
0.0
0.857142857143
3.57142857143
2.59259259259
1.33333333333
0.181818181818
0.526315789474
14.5
0.0
0.615384615385
0.0
-0.0934579439252
-0.0869565217391
4.05405405405
1.92660550459
1.80487804878
-0.296095076401
-1.05555555556
-0.222222222222
-0.0662251655629
1.31578947368
0.0
-0.666666666667
0.0
-0.1
0.0
-0.972222222222
0.0
-0.2
-0.25
0.203045685279
-0.144927536232
-0.703571428571
-0.833333333333
-0.285714285714
-0.333333333333
1.33333333333
1.53636363636
-0.63829787234
-0.133333333333
0.857142857143
-1.5
-0.666666666667
11.7647058824
0.0
0.0526315789474
-1.92307692308
0.0
1.2987012987
-0.379743670886
1.21052631579
-0.4
-0.357142857143
0.0
-0.677966101695
0.0
1.02222222222
0.4
0.0
3.52941176471
0.0
-0.1155
0.9375
1.06666666667
0.5
0.0
0.422535211268
1.11111111111
4.21052631579
-1.5
1.63265306122
0.0
-0.30303030303
0.6875
-1.44927536232
0.720833333333
-2.45161290323
2.36111111111
0.0
1.46428571429
0.307692307692
0.0
0.865384615385
1.64383561644
0.184049079755
-2.28070175439
-0.574712643678
-1.14285714286
2.68849206349
0.545454545455
0.0
2.08333333333
1.25925925926
-1.94444444444
0.0
0.0
0.0
0.941176470588
-1.64285714286
0.0
-1.85430463576
-0.1
1.87878787879
0.0
0.0
-4.54117647059
2.05882352941
-0.27397260274
-0.45045045045
-1.56
0.0
-0.403333333333
-1.94444444444
0.0
0.714285714286
-1.47826086957
0.352941176471
0.0
0.307692307692
-0.222222222222
-0.390977443609
0.454545454545
0.0
-0.222222222222
-0.681818181818
-1.51515151515
-0.357142857143
0.384615384615
10.0
0.440677966102
-0.222222222222
-5.74468085106
0.347826086957
-2.68085106383
0.0
0.0649350649351
0.133333333333
0.0
-1.70731707317
0.0
0.277777777778
-0.5
0.979591836735
0.0
0.0
0.37037037037
0.0
0.0
0.0833333333333
0.272727272727
-0.210526315789
0.0657894736842
0.866666666667
-9.07407407407
-2.1875
0.666666666667
2.30158730159
-8.77551020408
1.02739726027
-0.823529411765
-0.857142857143
0.0
0.37037037037
0.0
0.0
0.897435897436
0.25
2.05128205128
0.0
0.785714285714
0.689655172414
0.0
0.296296296296
-2.77777777778
1.0
0.0606060606061
-7.71794871795
0.0
-0.242424242424
0.0
0.2
0.0
0.0
0.117647058824
0.254934210526
0.0
0.0
1.37254901961
0.188679245283
8.0
-0.357142857143
0.0
0.0383333333333
-0.181818181818
-0.294117647059
0.722891566265
-0.387596899225
-0.0286486044037
0.0
1.24615384615
-1.3975
0.0
0.43956043956
0.769230769231
0.0
-0.75
0.507368421053
1.33333333333
0.0
0.0
-0.882352941176
0.285714285714
1.28787878788
0.555555555556
0.210526315789
0.0689655172414
0.0
0.0
2.52173913043
0.0
0.0
0.0
1.5
0.0
0.4
1.14285714286
-0.3125
2.72
0.0
-1.36363636364
-0.384615384615
1.27272727273
0.0
0.0
-0.4
0.571428571429
-0.670731707317
-0.654166666667
-0.047619047619
0.666666666667
-0.212314225053
1.77777777778
-2.0
-2.29291716687
-0.238095238095
3.33333333333
0.408163265306
1.0
0.0
6.2
-3.33333333333
-0.285714285714
-0.176886792453
0.0
1.25
-0.447154471545
-3.76470588235
-0.227272727273
0.0
0.04
0.758064516129
0.0
-0.75
2.0
0.526315789474
0.555555555556
4.36956521739
-2.13636363636
3.72881355932
-0.339943342776
-2.32558139535
-0.779220779221
1.5
1.5
0.0
-2.0
-2.30769230769
0.0
-0.3125
-0.215053763441
-1.06666666667
0.0
0.606060606061
-0.588235294118
0.0
0.0
-0.210526315789
0.0869565217391
0.0
-1.24615384615
-0.285714285714
0.0
0.0
0.0
30.4545454545
0.0
-0.361111111111
-1.28205128205
0.258064516129
1.28571428571
0.0
0.0
0.0574712643678
0.133333333333
-0.117647058824
-1.55555555556
0.133333333333
-0.684931506849
0.0
0.0
-0.746268656716
0.294117647059
-0.344827586207
0.0
4.23076923077
1.48148148148
-1.54666666667
0.20618556701
-0.352941176471
0.0
-2.04819277108
0.816326530612
0.0
-0.212765957447
0.967741935484
0.208333333333
-0.375
0.958904109589
0.0
0.0
-1.40350877193
0.0
0.31914893617
0.0
0.147058823529
0.0
0.0
0.949152542373
0.0
-0.565217391304
-0.333333333333
0.0
1.0625
0.0
2.5
4.02298850575
0.142857142857
-1.75
0.25
0.15625
0.0
-0.357142857143
0.0740740740741
0.380952380952
-2.39130434783
0.0
-0.484848484848
0.0
0.30303030303
0.0
-0.444444444444
0.0
0.307219662058
0.0851063829787
3.2
0.701754385965
0.0
-0.161290322581
0.0
0.861538461538
0.0
0.285714285714
4.46153846154
-4.02409638554
-0.4
-0.571428571429
-0.20618556701
0.0
-0.622395833333
0.217391304348
-0.444444444444
0.162162162162
0.352941176471
0.0
-0.545454545455
0.0
0.705445544554
0.0
1.15384615385
0.266666666667
-0.681818181818
0.0
-1.91489361702
-0.571428571429
0.0
2.57142857143
0.0
-1.86666666667
-0.625
-0.294117647059
-6.66666666667
-0.875
-1.11111111111
1.13636363636
0.0
-0.46511627907
0.0
-0.533333333333
-0.368421052632
-0.37037037037
-0.307692307692
-7.72727272727
1.33333333333
14.275862069
0.0
0.0
-0.133333333333
0.705882352941
3.23529411765
-0.471111111111
-0.0526315789474
-0.322580645161
7.05394190871
-0.615384615385
0.138888888889
-0.140845070423
1.42857142857
0.893617021277
0.0
-1.68367346939
0.266666666667
-3.15384615385
0.384615384615
-0.20202020202
-1.97183098592
0.4
2.76315789474
0.0
0.0
-0.3125
-1.5
0.0
-1.1
0.666666666667
0.104166666667
5.46
0.444123115059
0.636363636364
0.810810810811
1.84210526316
0.0
-0.0280112044818
0.0
-0.0869565217391
0.0
0.0
0.333333333333
3.33333333333
1.78571428571
1.77777777778
0.0370967741935
-0.44776119403
0.25
0.117647058824
3.14285714286
0.0
1.91176470588
-0.123456790123
8.84615384615
-0.857142857143
0.0
0.0
-1.2
1.35802469136
-0.414746543779
0.0
0.0
0.0
-0.540540540541
1.55172413793
-0.533333333333
-0.918367346939
0.192307692308
1.06666666667
0.0
0.0
0.0
0.529411764706
-1.39130434783
0.0
-0.777777777778
0.0
1.18181818182
-0.12
1.5
0.0
-3.52941176471
0.140845070423
0.0
0.759162303665
-0.38
1.09375
-0.0588235294118
-1.2
-0.222222222222
0.0
-0.169491525424
0.631578947368
0.142857142857
0.4
-0.4
-0.375
-0.666666666667
8.47058823529
0.315789473684
0.545454545455
-0.404545454545
0.0
-0.739130434783
0.416666666667
-0.537634408602
3.4693877551
1.23529411765
-0.857142857143
0.173913043478
0.0
11.5511551155
0.0
0.75
0.0740740740741
0.0
0.392156862745
-2.26923076923
0.0
2.66666666667
0.913043478261
0.379310344828
0.785714285714
-0.125
1.14942528736
-1.18452380952
0.0
39.2857142857
0.0714285714286
0.0
0.838709677419
0.166666666667
2.93233082707
0.188679245283
0.0
1.5652173913
0.789473684211
5.66666666667
0.571428571429
0.0
0.0
0.515463917526
0.0
0.0
-7.9
0.0
3.58208955224
0.0740740740741
-2.22222222222
0.0
0.54347826087
0.333333333333
-0.470588235294
-0.657894736842
2.5
1.53846153846
2.14285714286
0.0
-0.222218666667
-0.7
1.36363636364
0.0
1.25
-0.660377358491
0.888020833333
0.0
-0.333333333333
-0.132743362832
-0.37037037037
0.0
-4.69565217391
0.518518518519
0.0
0.152284263959
1.96428571429
1.30434782609
-3.05263157895
11.6666666667
-1.79487179487
-0.578512396694
-0.777777777778
-1.5
2.0
1.31034482759
1.35658914729
-0.111111111111
12.5
0.0
-0.294117647059
0.0
0.0
-0.25641025641
0.217391304348
0.232558139535
-0.978260869565
0.0
0.0
0.0
0.0
0.0
0.0
0.0
0.266666666667
-0.875
-0.222222222222
0.0
0.725806451613
1.52941176471
-0.666666666667
-0.39603960396
0.365853658537
0.0
0.0
0.0
-0.666666666667
-2.55555555556
-0.0450118667649
-7.88095238095
0.0
0.909090909091
0.0
-0.384615384615
10.4166666667
0.0
-0.434782608696
0.352941176471
-1.07692307692
-3.28767123288
0.952380952381
0.0
2.23076923077
0.0
0.27027027027
1.2
-0.181818181818
0.0
-1.47906743545
0.857142857143
0.0615384615385
0.0
-0.363636363636
0.166666666667
0.00357142857143
4.0
0.307692307692
1.54838709677
0.142857142857
0.95
1.85714285714
-0.0518134715026
0.952380952381
-1.42857142857
-0.135135135135
-0.588235294118
0.296296296296
2.26666666667
0.430107526882
0.545454545455
-0.32
0.0
0.0
0.0
-0.322580645161
0.0
0.0645161290323
-1.02
-0.204081632653
-0.545454545455
-0.967741935484
-0.623052959502
0.526315789474
1.53846153846
-0.5
-1.52941176471
-0.725547445255
0.0
0.0
-0.533333333333
-0.368421052632
0.184824902724
-0.333333333333
-0.44
0.714285714286
3.09523809524
0.0
0.0
4.41666666667
0.0
0.0
0.188679245283
0.125
0.0
-0.166666666667
1.75
-3.55555555556
-0.212765957447
-0.100649350649
2.5
0.142857142857
-0.283464566929
-1.65217391304
0.505050505051
0.774193548387
0.0
0.0
-0.75
0.666666666667
0.0
0.0
0.308641975309
0.0
0.0
-0.109289617486
1.03448275862
0.0520833333333
0.614035087719
-0.153846153846
0.365853658537
0.0
0.217391304348
0.927835051546
-0.14598540146
0.0
15.2
0.952380952381
-0.37037037037
-1.18518518519
0.424242424242
0.333333333333
2.0
0.0
0.377358490566
1.69014084507
0.062893081761
0.0
-7.48412698413
0.333333333333
0.0
-0.367647058824
-0.923202614379
-0.459183673469
0.0
0.0
0.0
-0.538461538462
-0.606060606061
0.564516129032
-0.0952380952381
-0.0869565217391
-0.416666666667
0.95
-0.416666666667
-0.647058823529
-0.375
0.0
3.69230769231
2.05278592375
-22.0833333333
1.12903225806
0.357142857143
-0.142857142857
-1.5
0.0
0.0
5.83941605839
-0.102040816327
-0.0416666666667
-2.75590551181
0.978723404255
1.64948453608
0.0
-1.21212121212
-0.304347826087
-0.222222222222
-2.41666666667
-0.8
0.0571428571429
0.0
0.0
-1.2
0.380434782609
0.294117647059
0.27027027027
0.0
-0.192307692308
1.07142857143
3.6
0.307692307692
0.0
-2.5
-0.824742268041
-1.28378378378
0.357142857143
-0.484848484848
0.579710144928
0.0
0.12987012987
0.384615384615
0.0
0.41958041958
1.25
0.0793650793651
0.30612244898
-0.285714285714
-2.08695652174
0.0
-0.0909090909091
-0.592105263158
-0.592592592593
0.0
0.0
0.0
-0.285714285714
0.37037037037
0.0
5.21428571429
0.0
3.84615384615
-1.2
0.0
0.216049382716
-0.35
0.0
-0.266666666667
0.0
0.37037037037
3.33333333333
-3.84615384615
-0.344827586207
0.6
0.869565217391
12.3818181818
0.258064516129
-1.52777777778
-1.88461538462
-3.6
-2.89473684211
0.0
0.0
0.727272727273
1.25
-3.05555555556
0.0
0.0
-0.625
0.0
2.48648648649
0.0
-3.14285714286
-1.91304347826
0.818181818182
2.0
0.0
-0.454545454545
0.0
0.411764705882
4.77777777778
-0.41095890411
2.08333333333
-2.76363636364
0.606060606061
-1.46666666667
1.28409090909
-6.03448275862
1.38666666667
2.5
3.96774193548
0.0
1.02272727273
0.0
-5.47945205479
0.0
0.0
-2.79069767442
0.978260869565
1.84210526316
0.322580645161
0.0
-0.0307692307692
-0.178571428571
0.909090909091
1.30952380952
0.875
2.85714285714
-0.352112676056
0.15873015873
0.0
0.307692307692
0.0
-25.9677419355
0.315789473684
0.0
0.547945205479
0.0
0.666666666667
-2.35632183908
0.0
-0.30303030303
0.0857142857143
0.0
-0.330578512397
-0.59375
3.63095238095
-1.71052631579
0.82717872969
2.47058823529
0.618181818182
0.671140939597
-0.133333333333
-0.148148148148
0.285714285714
0.434782608696
0.645161290323
-0.952380952381
-2.90322580645
0.0
0.545454545455
-0.806153846154
-1.81818181818
-0.93023255814
0.333333333333
0.760869565217
0.0
0.483870967742
1.08695652174
-0.41095890411
0.75
-0.333333333333
0.117647058824
0.714285714286
0.0
2.08333333333
0.344827586207
0.0
-1.1811023622
-0.740740740741
0.0
0.0952380952381
0.153846153846
-0.333333333333
0.0
0.655737704918
8.88888888889
0.0
-1.50602409639
0.666666666667
0.444444444444
0.428571428571
-2.06896551724
-22.5
-0.495
0.0
3.62068965517
0.0
0.0
0.0
0.1
-0.214285714286
3.82978723404
-1.86666666667
0.473684210526
-0.864197530864
-0.454545454545
2.0
-1.42857142857
0.0
-0.671641791045
-6.8
1.33333333333
0.0
0.8
-0.333333333333
1.15151515152
0.0
1.14035087719
0.0
-0.119047619048
0.0
1.02564102564
-0.689655172414
0.0
0.955555555556
-1.6
0.869565217391
0.296296296296
-1.51515151515
-1.64285714286
1.69
-4.53333333333
0.615384615385
0.0
2.0
-1.54929577465
-0.285714285714
-0.181818181818
-0.680555555556
0.0
-1.0
1.0
-0.363636363636
-0.975609756098
0.0
0.816326530612
-0.952380952381
1.2962962963
0.0
1.02040816327
0.0
0.0
0.0111111111111
0.210526315789
-0.171428571429
-1.89189189189
0.0
0.147058823529
0.27027027027
0.103092783505
0.0
0.378378378378
-0.526315789474
0.0
-0.845070422535
-0.327868852459
-0.470588235294
0.545454545455
-1.02564102564
0.0
0.0
-0.653846153846
0.277777777778
0.0
-0.123456790123
-0.4
0.0
0.727272727273
-0.342857142857
1.34782608696
2.42105263158
0.5
-0.695652173913
0.0
-0.628571428571
0.0
0.47619047619
0.296296296296
0.157894736842
0.757575757576
0.694444444444
1.41176470588
1.1724137931
-1.42857142857
0.947368421053
0.0
-0.597014925373
-0.673758865248
-2.84153005464
6.48837209302
-4.0
-3.18181818182
1.23076923077
-0.0630914826498
1.04347826087
0.428571428571
-0.947368421053
0.0
-0.285714285714
-0.222222222222
0.144444444444
-2.08333333333
1.0
0.0
0.454545454545
0.315789473684
0.0
-0.166666666667
-18.10535
0.0
0.0
-0.342857142857
0.0
0.0
-0.190476190476
-2.5
-0.0591715976331
-0.177777777778
-1.51898734177
0.314465408805
0.0
9.14285714286
0.0
1.61290322581
0.0
-0.25
0.0
4.06060606061
0.266666666667
-0.151515151515
2.47619047619
0.30612244898
-7.3125
0.0
0.0
0.41095890411
7.91666666667
-0.470588235294
-0.466666666667
1.47058823529
-0.285714285714
0.6
-0.192307692308
-2.71428571429
-0.176470588235
1.6
-0.375
-3.61111111111
0.0
0.64
0.0833333333333
0.0
0.428571428571
-0.117647058824
-1.81818181818
-2.81025641026
-2.0
2.26804123711
-1.63636363636
3.8
0.5
0.16
1.34615384615
-1.30434782609
-0.181818181818
-0.846956521739
0.0
0.833333333333
1.04651162791
-0.352941176471
0.0
-1.42857142857
0.454545454545
-2.58333333333
-0.3125
-0.11
0.166666666667
-1.69230769231
-1.0
0.124542124542
0.0
0.869565217391
-1.33333333333
1.86666666667
1.81818181818
-0.333333333333
0.8
-0.357142857143
0.0
0.0
0.142857142857
0.0
2.72727272727
0.0
0.6
0.0
2.18181818182
3.58974358974
0.0
-1.22222222222
0.125
0.125
0.0
1.66666666667
-3.64864864865
-0.458015267176
-0.25
0.25
-0.1
0.0
1.65354330709
-0.122580645161
0.0
9.82978723404
0.0
0.72
-0.280898876404
-0.380952380952
0.0
-0.222222222222
0.0
3.0
6.13445378151
0.322580645161
0.0
-7.42857142857
0.0
-0.994594594595
0.0
-0.714285714286
-5.03521126761
0.0
2.15384615385
0.0
-3.91666666667
-2.66666666667
-0.266666666667
-3.88888888889
0.0
-1.78571428571
-0.6
0.0
0.5
1.94444444444
4.0
0.0
0.0
-2.9375
0.0
0.888888888889
-1.22448979592
-0.808080808081
0.471204188482
-3.4
0.0
-0.0952380952381
1.63157894737
-0.380952380952
-0.181818181818
0.0
0.0
-1.03448275862
-0.333333333333
1.81818181818
0.204081632653
1.5
2.11678832117
-2.85714285714
3.18181818182
4.28571428571
0.0793650793651
0.0
0.0
-3.68421052632
0.555555555556
-0.142857142857
0.0
-0.5
0.0
1.0101010101
0.133116883117
0.0
-0.6
0.526315789474
1.54545454545
-0.363636363636
2.83333333333
0.0
0.0
1.75
1.5
-2.33333333333
0.571428571429
-2.67857142857
-0.568181818182
0.257142857143
-0.795107033639
-1.06060606061
0.0
-3.3
0.285714285714
-0.147783251232
0.0
-0.12987012987
0.0980392156863
1.75
0.224
-2.63565891473
0.2
0.285714285714
-1.73913043478
0.6
-0.117647058824
0.5
0.0
10.0
0.526315789474
-2.01219512195
-0.735294117647
-3.61445783133
-2.49433106576
0.0
4.64
-0.111111111111
-1.0
0.0
3.0
-0.0806451612903
0.0
-0.444444444444
1.5
0.0
-0.138888888889
-0.214285714286
-0.27397260274
-0.272727272727
0.779220779221
0.0
-0.4
0.636363636364
0.24
0.16
-0.727272727273
0.25641025641
0.0
0.473684210526
-0.333333333333
-0.153846153846
0.0
0.133333333333
1.73333333333
-1.51724137931
-0.352941176471
0.0
0.285714285714
-0.545454545455
0.705882352941
0.0
0.0
0.0
0.333333333333
1.40845070423
-0.298507462687
0.0
2.15517241379
0.4
-0.4
0.0
0.933333333333
0.340909090909
0.0
0.0
0.0
-1.75
0.0
-1.2
1.03448275862
-0.210526315789
0.0
0.0
-0.814814814815
0.58282208589
0.0
-0.943396226415
0.0
-0.190476190476
0.0
0.0
0.283687943262
-0.714285714286
1.85185185185
-0.0884955752212
1.04956268222
-0.127659574468
0.0
0.0
0.3
0.416666666667
0.333333333333
0.30612244898
0.681818181818
0.0
-1.46666666667
0.227272727273
-0.823529411765
1.19565217391
-0.909090909091
-0.6
1.0
0.2
0.0714285714286
0.4
0.0
0.666666666667
0.222222222222
0.0
-0.111111111111
2.5
0.576923076923
0.0
-0.925925925926
-5.85714285714
0.116279069767
-1.11111111111
-2.47887323944
2.52307692308
0.0
-0.138888888889
0.261627906977
-2.0
1.08108108108
0.0649350649351
-0.428571428571
0.0
-1.04
-0.864583333333
-0.333333333333
-0.190476190476
10.2325581395
0.871794871795
0.705882352941
0.235294117647
0.0
-2.05128205128
0.0
0.714285714286
0.0
0.0
0.0
0.1
1.81818181818
-1.11111111111
0.625
-0.95652173913
0.137931034483
-0.232558139535
0.153846153846
-1.25
0.873015873016
1.33333333333
-0.6
-0.288461538462
0.0
0.0537634408602
-0.666666666667
0.0
1.0
-1.0
3.63636363636
0.229885057471
4.8
-0.138888888889
-1.16666666667
0.0
-0.335570469799
0.535714285714
-4.0
1.51162790698
0.222222222222
0.588235294118
0.0
2.28571428571
-7.33333333333
-0.615384615385
-1.6
6.16666666667
0.0
-1.88571428571
-0.2
0.0
-0.333333333333
1.0
-1.2
0.0
0.526315789474
-0.031007751938
-0.111111111111
0.166666666667
0.0684931506849
0.0
22.496
0.276073619632
1.375
-0.210526315789
-2.375
1.66666666667
0.0
0.666666666667
0.0
3.2
1.39535627907
0.625
-0.625
1.07142857143
-13.96875
0.0
0.0
0.887096774194
-0.155555555556
0.180722891566
0.0
-0.75
1.0
0.0
2.27906976744
-0.515463917526
1.15789473684
-4.06779661017
0.0
0.0
0.0
-0.9
0.0
-1.11111111111
-1.11111111111
0.0
-2.375
0.827586206897
-0.411764705882
-0.2
0.4
-0.315789473684
0.416666666667
0.909090909091
0.0
-0.680272108844
0.0
0.0
2.4
-0.2
0.0
-1.41176470588
1.02272727273
0.5
-1.80952380952
0.0
0.0
1.02941176471
-0.7
-0.6
-2.73809333333
-1.44444444444
-0.380952380952
0.333333333333
0.461538461538
1.25
-0.871794871795
-3.77358490566
0.117647058824
-1.66666666667
-0.866666666667
0.272727272727
0.0
0.0469483568075
1.29411764706
0.235294117647
0.0
0.0
0.352941176471
0.0
-0.25
0.0896178559351
0.363636363636
1.69014084507
-0.52380952381
-0.41095890411
0.0
0.666666666667
-0.45
0.666666666667
0.0
-0.257731958763
0.0
0.0
-2.30769230769
-0.352941176471
0.0
-1.02362204724
0.764705882353
-1.2
-0.166666666667
-2.58064516129
-2.77777777778
3.0
2.15384615385
0.941176470588
6.875
0.0
-0.9375
-4.91071428571
1.14583333333
0.0
0.714285714286
-0.365853658537
-0.757575757576
-0.857142857143
-0.0520833333333
-0.526315789474
0.0
1.76870748299
0.333333333333
0.0
0.0
0.724637681159
-0.211267605634
-0.177777777778
-0.716666666667
0.125
-0.666666666667
0.666666666667
-0.0526315789474
0.932203389831
-0.526315789474
0.0
-0.266666666667
-1.09090909091
-0.463
-0.294117647059
1.46875
0.0
8.44444444444
0.0555555555556
0.0
0.0
24.6376811594
1.40425531915
0.162601626016
-0.444444444444
-0.96
0.0
0.0
-0.869565217391
0.533333333333
-1.3698630137
0.272727272727
0.0
0.3125
1.82142857143
0.612244897959
-1.11111111111
-0.333333333333
0.0
2.36363636364
-1.65137614679
-1.72093023256
0.0
1.28205128205
0.0
-0.877192982456
0.0
1.0
0.179285714286
-0.444444444444
0.0
-5.0
0.0
0.260869565217
0.0
0.909090909091
-0.2
0.0
1.95652173913
0.0
0.25
-1.23529411765
-6.76666666667
-0.217391304348
-0.253164556962
-9.86206896552
1.90476190476
0.0222222222222
0.0
-0.235294117647
1.78571428571
-0.37037037037
2.24137931034
0.0
0.133333333333
5.625
0.666666666667
0.230769230769
2.77777777778
0.0
-4.64285714286
0.422222222222
0.0
0.0
0.0
0.648148148148
-0.909090909091
-1.21212121212
-0.967741935484
0.0869565217391
-9.3253968254
-0.119649938466
1.0
-1.44444444444
0.9375
0.0645161290323
0.0
0.0
-1.11110755556
0.424242424242
-2.79
0.0
0.0
0.15
-0.384615384615
-1.1320754717
-0.190476190476
4.5
0.1
5.0
0.0
-0.376884422111
0.0
-0.263157894737
0.0
-1.66666666667
-0.285714285714
-0.633333333333
1.10869565217
0.591715976331
0.0
0.08
-0.0851063829787
0.5
1.06060606061
0.0
-2.08333333333
-0.714285714286
1.48619957537
0.0
-2.5
0.0
0.142857142857
-0.666666666667
-2.025
0.25
-0.27027027027
3.54545454545
-0.176470588235
-0.232558139535
0.526315789474
-0.808823529412
0.463917525773
-0.0222222222222
0.217391304348
0.0
0.137931034483
0.128205128205
4.0
0.25641025641
0.285714285714
1.14285714286
0.045045045045
2.42962962963
0.197368421053
0.875
-1.02564102564
0.0
0.363636363636
-1.84615384615
0.0
0.3125
1.3963963964
0.0
0.0
0.4
0.752
1.92660550459
-0.258064516129
0.8
1.14285714286
0.0
-0.538461538462
0.416666666667
0.0
0.217391304348
0.0
-0.333333333333
-2.57142857143
0.533333333333
0.0
-0.32967032967
-0.8975
-0.568181818182
-2.46753246753
-0.38961038961
0.615384615385
0.0
0.2
0.5
-2.0
1.25
-0.04
0.10989010989
0.0
0.0
0.0751879699248
0.0
-0.6875
0.0
0.37037037037
3.33333333333
0.5
0.379310344828
-0.307692307692
0.166666666667
0.0
0.0
0.30487804878
0.16
0.0
0.783783783784
0.3125
0.0
-1.63636363636
-0.592592592593
0.689655172414
0.208333333333
-1.61290322581
0.0
0.0
-0.732824427481
0.0625
4.58823529412
-0.473684210526
-3.0
0.0625
-0.344827586207
0.952380952381
13.0
-0.0769230769231
0.571428571429
0.0
1.0
0.0
-1.59090909091
0.0
-0.857142857143
0.566037735849
0.0
0.348837209302
0.461538461538
-0.0515463917526
-0.5
-1.21212121212
0.0
0.0
0.0
0.694444444444
-0.333333333333
0.0
-0.210526315789
0.0
1.0101010101
0.666666666667
0.923076923077
-1.07692307692
0.15873015873
0.0
0.222222222222
4.7619047619
0.0
0.666666666667
-0.505050505051
0.0
0.428571428571
-2.48407643312
0.0
0.0
-1.36363636364
0.777777777778
0.0
0.0
-0.416666666667
3.125
-0.666666666667
8.66666666667
0.0714285714286
0.811907983762
0.454545454545
0.190476190476
-0.181818181818
0.454545454545
0.0
-0.974842767296
-0.857142857143
-2.0
-1.81818181818
0.07
-0.540322580645
0.257731958763
0.533333333333
0.0
1.1875
-1.34615384615
0.0
-0.484848484848
0.444444444444
0.398009950249
-0.705882352941
2.63888888889
0.0
1.28787878788
-0.914285714286
-1.2962962963
-1.30434782609
0.105263157895
-0.210526315789
-2.42857142857
0.421052631579
0.0
-0.84
0.0
0.357142857143
0.671052631579
0.0
-0.608695652174
3.90243902439
0.3
0.0
-1.0
-0.88
-1.66666666667
-0.416666666667
-0.333333333333
-2.36842105263
-1.66666666667
0.0
2.24137931034
0.0
-0.943396226415
0.0
0.0
-0.8
-14.4444444444
-1.54285714286
-0.666666666667
0.0
-0.985915492958
1.21739130435
-0.311111111111
-0.454545454545
0.111111111111
0.0
-0.238095238095
-0.967741935484
0.0
2.5
-0.346153846154
-1.75
-0.526315789474
1.39705882353
0.820512820513
-0.0769230769231
1.30081300813
-0.133333333333
-0.243902439024
-0.142857142857
-1.0
0.48275862069
0.731707317073
0.755555555556
1.38461538462
-0.657894736842
-0.833333333333
-0.294117647059
-0.190476190476
1.86666666667
1.07692307692
0.125
0.0
0.347826086957
-2.01333333333
0.141176470588
0.61433447099
2.66666666667
0.0
-5.52631578947
2.66666666667
0.307692307692
1.0
0.597014925373
1.65217391304
0.942857142857
-0.566037735849
-0.454545454545
0.266666666667
0.28
0.512820512821
0.151331719128
-0.307692307692
-0.434782608696
0.701754385965
0.0
0.375
0.965517241379
-0.731707317073
-0.588235294118
0.0
0.428571428571
0.492957746479
2.74074074074
-0.0545454545455
0.142857142857
3.72093395349
-0.333333333333
0.0
-0.078125
0.533333333333
-0.253164556962
0.0675675675676
0.5
0.0
-0.827814569536
0.0
0.0
3.2
0.18018018018
0.0
0.0434782608696
-0.1
6.92307692308
-40.0961538462
0.0
0.0
0.697674418605
-0.875
0.2
0.0
0.0645161290323
5.38461538462
-0.142857142857
-0.315789473684
-2.02083333333
-3.28
2.07547169811
0.0
1.25925925926
-1.04895104895
-1.39285714286
0.0
-0.696202531646
-0.625
0.0
-1.16009280742
-0.154639175258
0.0
-3.45454545455
-0.414814814815
-1.44444444444
-0.434782608696
-1.85714285714
0.679012345679
-51.98428
-0.694444444444
0.0
0.104166666667
0.149253731343
-0.941176470588
0.153846153846
1.32352941176
1.71052631579
0.0
2.72727272727
-4.11764705882
0.535714285714
0.0
0.0
0.0
9.0625
0.0
1.4406779661
-2.26666666667
-0.866666666667
0.0
-2.27272727273
1.51724137931
-1.58857142857
0.0
2.63636363636
3.21428571429
0.583333333333
0.0
-0.0869565217391
0.0
2.32
0.0
-2.07792207792
0.411764705882
0.0
-0.515151515152
0.0
0.0
-0.526315789474
-0.25
0.0
2.28260869565
2.81818181818
-0.048
0.612244897959
-0.6
0.0
0.0
44.0
-0.814814814815
0.0
0.148148148148
0.5
0.0
0.0
-0.24
0.0
3.07692307692
0.0
-3.08
-3.11111111111
-0.757575757576
0.0
0.0
-1.25714285714
-1.125
-0.235294117647
0.625
0.0
-0.121951219512
-0.4
-0.117647058824
0.666666666667
0.0
0.5625
1.88235294118
0.857142857143
0.5
0.703125
0.0
0.714285714286
-6.66666666667
13.5
3.27586206897
0.0
0.0
0.16
-1.23287671233
0.578947368421
1.03448275862
0.0
-0.441176470588
0.0
-0.136363636364
1.08
-1.1724137931
-0.933333333333
0.486725663717
-0.454545454545
1.66666666667
0.0
0.0568181818182
-1.33333333333
0.181818181818
-1.92
0.0
0.222222222222
0.142857142857
-6.83333333333
0.846153846154
-0.372670807453
1.13636363636
-0.48
-0.607142857143
0.0
0.533333333333
-1.72619047619
-0.909090909091
10.2142857143
0.0
0.25
0.0
-0.25641025641
0.25
-0.322580645161
8.94623655914
0.701754385965
-0.660377358491
0.0
0.0
-0.555555555556
-0.348837209302
-1.66666666667
0.0
0.0
0.0
-0.6
0.0
-0.166666666667
0.0
0.157068062827
0.0375
-0.545454545455
0.0
0.454545454545
-0.117647058824
0.0
0.241911764706
-0.181818181818
-0.148148148148
-1.68674698795
0.210484121901
-0.0703703703704
1.69811320755
-2.16216216216
3.125
-2.61904761905
-0.0540540540541
-0.409090909091
0.0
0.0
-0.25
0.111111111111
2.24137931034
0.451612903226
1.10714285714
0.133333333333
0.0
0.0
1.25
0.0
0.0
0.0
1.21739130435
-2.54545454545
0.0
-0.8
0.92
-0.173913043478
-0.714285714286
0.795454545455
0.0
0.0
0.0
-0.0310559006211
2.0
-0.30303030303
2.6
0.0
-0.357142857143
0.0
1.6
0.857142857143
-0.133333333333
-0.210526315789
0.0
-0.521739130435
0.0952380952381
0.458333333333
1.33333333333
0.0
0.422535211268
-0.46511627907
0.0
-0.545454545455
0.0
6.24999997672e-07
0.454545454545
-2.75
0.0
0.0
-1.08571428571
0.625
0.55
2.125
0.0
0.0
-2.28571428571
2.0
0.0
1.5
-0.941176470588
0.51724137931
-0.974025974026
0.0
-0.533333333333
-0.571428571429
0.0
0.0
-0.689655172414
0.0
0.8
0.984126984127
3.84615384615
-3.92523364486
-0.820833333333
0.394736842105
0.0
-0.155440414508
-0.48275862069
2.8
-7.2380952381
-1.86046511628
-0.909090909091
-3.44
0.0
0.266666666667
2.82352941176
1.04761904762
-0.18820861678
-0.434782608696
0.0
-1.28571428571
-0.666666666667
0.666666666667
1.15789473684
-0.689655172414
-0.12
-0.181818181818
0.0
-0.228571428571
0.8125
0.511363636364
0.8
-0.133333333333
4.6875
-0.791666666667
1.82608695652
0.0
-0.277777777778
0.571428571429
-0.173913043478
7.85714285714
0.0
-1.09090909091
-1.66666666667
-0.652173913043
-0.129032258065
-0.869565217391
-1.34328358209
-0.820512820513
0.0
-0.181818181818
2.2641509434
0.0
0.0
-0.523076923077
0.0
-2.875
0.285714285714
0.0
0.117647058824
0.0
0.0
0.0
-1.08108108108
0.0
6.45833333333
0.472222222222
0.0411522633745
-1.60377358491
0.0
0.0
0.714285714286
0.888888888889
-5.69230769231
0.0363636363636
0.0
0.0
-0.377358490566
0.0
0.714285714286
-1.96428571429
0.0
2.57142857143
0.571428571429
0.0
1.0
0.421052631579
-13.7566137566
0.434782608696
-0.15561015561
0.124223602484
-1.08333333333
0.0
-1.38888888889
0.0
-1.0
-1.10465116279
2.55384615385
0.0
0.0
0.0
0.0
-1.0447761194
0.0
3.54838709677
-1.17647058824
-0.666666666667
0.681818181818
0.0
1.74825174825
-0.167741935484
0.4
-1.0
0.0
-0.436363636364
-0.0666666666667
-0.84
-0.714285714286
-2.0
-0.24
-0.133333333333
-2.0
0.692307692308
-0.0892857142857
0.0
0.0
-0.307692307692
0.25
0.0
0.533333333333
0.0
0.0
0.0
0.133333333333
0.0
-0.713533834586
0.222222222222
1.95652173913
-1.2389380531
0.0
-4.68084765957
2.72727272727
0.533333333333
0.0
-1.26315789474
1.33333333333
5.52631578947
-2.625
-0.157894736842
0.0
-0.505050505051
-0.153846153846
-2.14285714286
8.85714285714
1.5
-4.8
0.0
-0.4
-1.13846153846
0.0
-0.9375
0.0
-2.44444444444
-0.6
0.0
0.0
-0.210526315789
2.17297297297
0.756429652042
2.21719457014
1.05263157895
-0.105263157895
-2.16666666667
-0.322602739726
0.285714285714
-0.0671140939597
0.0
-3.15286624204
0.652173913043
0.0
-1.0
0.0
0.0
-0.0975609756098
4.53333333333
-0.555555555556
-0.333333333333
1.53846153846
4.61538461538
0.0
-1.60714285714
0.204081632653
0.0
0.0
1.1
0.0
0.0
1.6
0.0
1.19760479042
1.45454545455
0.3125
0.584615384615
0.0
0.444444444444
3.39622641509
-2.0
0.4
-3.27586206897
-0.047619047619
2.0
-0.416666666667
0.0
4.57142857143
0.375
0.0
0.0
-1.03703703704
-2.37179487179
-0.375
-0.0793650793651
0.658436213992
0.882352941176
-0.652173913043
-0.0689655172414
0.0
0.0
0.140845070423
0.142857142857
0.0
-0.363636363636
1.07142857143
0.0
0.0
0.285714285714
0.833333333333
1.27272727273
-45.9782608696
0.833333333333
0.666666666667
-1.36363636364
0.488888888889
-0.666666666667
-0.222222222222
0.307692307692
-0.4
3.53846153846
0.840298507463
0.117647058824
0.0
-0.30303030303
-0.190476190476
6.66666666667
1.27272727273
0.0
0.0
0.0
-0.114942528736
-1.19047619048
0.0
-0.577777777778
-2.10526315789
0.0
0.0
0.612244897959
1.84782608696
0.47619047619
-0.263157894737
0.0444444444444
-1.1320754717
1.84615384615
-3.33333333333
0.0
0.0
0.535714285714
3.93939393939
0.0
2.38095238095
-0.3125
0.0
-0.136363636364
-0.133333333333
-3.0
0.255102040816
-0.785714285714
0.952380952381
0.0
0.44
0.421052631579
0.444444444444
-2.75
0.0
2.0
0.272727272727
-0.384615384615
-2.39285714286
0.734693877551
3.36956521739
2.26666666667
-0.454545454545
-1.15151515152
0.0
-0.277777777778
0.4
3.75
2.52173913043
0.0
-0.222057735011
-0.871794871795
0.10989010989
-0.908561020036
-1.04761904762
-0.307692307692
-3.11111111111
-0.702702702703
-0.5
6.83333333333
-0.961538461538
1.14285714286
0.0
0.0
-1.84
0.258064516129
0.144927536232
-0.357142857143
0.0
-0.190476190476
0.222222222222
0.0
-0.142857142857
-0.794392523364
0.0
-1.27777777778
0.266666666667
0.0222222222222
0.0
0.0666666666667
0.0
-0.315789473684
0.406976744186
9.24444444444
-0.425531914894
1.44736842105
0.153846153846
0.0
-0.95
0.252100840336
-0.545454545455
0.0
-0.175438596491
0.4
-4.0
-0.718562874251
0.737704918033
-1.0
0.368421052632
-0.888888888889
-0.457142857143
0.0
-0.117647058824
0.5
-0.352941176471
0.0
2.41379310345
-0.172413793103
0.0
-1.30434782609
-0.243902439024
-1.0
0.125
-0.4
1.47619047619
-0.397727272727
-0.148514851485
15.1428571429
0.630952380952
0.408163265306
2.22222222222
-3.77777777778
3.57142857143
0.2
4.41176470588
1.24705882353
-0.777777777778
0.0
0.0
0.0
-0.0952380952381
0.571428571429
-0.859090909091
0.0
2.80701754386
-1.84210526316
0.0
0.0
-2.725
-0.666666666667
0.05
0.666666666667
0.0
-0.188679245283
-2.30769230769
1.53846153846
0.0
-0.620689655172
5.55555555556
-1.19402985075
0.0
-0.04
0.0
0.0
5.12903225806
0.0
-0.5
0.0
0.533333333333
8.42857142857
-1.18152524168
0.0
-0.263157894737
1.25
0.0
0.806451612903
-0.4
-0.571428571429
0.75
-0.428571428571
0.42
-0.0666666666667
0.0
-1.66666666667
0.214285714286
0.535714285714
-3.44444444444
0.0
-0.5
-1.24
1.44927536232
-0.5
0.0
2.125
0.666666666667
0.0
1.16666666667
0.0
0.615384615385
0.0
-1.14285714286
0.178571428571
0.0
0.0
0.0
0.571428571429
0.0
0.0
0.0
0.925925925926
0.604838709677
1.67346938776
0.18691588785
-0.7
-0.352112676056
0.0
25.0
0.444444444444
0.222222222222
2.53623188406
-4.6875
0.265151515152
-0.221028713076
0.879120879121
0.0952380952381
0.0
0.740740740741
-3.94936708861
0.0
-0.00833333333333
3.61111111111
0.0
0.4375
0.181818181818
0.26622296173
0.0
3.33333333333
0.289855072464
-0.7
0.0
-0.7
-1.3
-0.266666666667
0.3125
-1.60839160839
-0.786392405063
-3.1
4.75
1.88888888889
0.251572327044
-0.117647058824
0.27397260274
0.0
-0.3125
-4.24242424242
-0.36036036036
-0.436363636364
0.235294117647
-1.51515151515
-0.368421052632
1.375
-1.33333333333
1.0
1.57894736842
-0.0289855072464
1.14285714286
1.77777777778
-2.0
6.32911392405
1.03125
0.0520833333333
-1.52173913043
-0.363636363636
0.0
0.0
1.58385093168
-4.11764705882
2.06896551724
-0.789473684211
-1.30434782609
-0.190476190476
0.0
0.833333333333
1.28205128205
-1.0
-1.81818181818
2.07547169811
0.782608695652
-2.58064516129
2.18867924528
-0.3125
0.0
-2.77142857143
0.08
0.461538461538
-1.125
0.235294117647
-36.2
1.67741935484
0.0
-0.315789473684
0.0
-1.19047619048
-0.853658536585
3.2
-0.422222222222
-1.06837606838
0.142857142857
-0.444444444444
0.0
-3.15789473684
0.0
-0.201342281879
-0.363636363636
0.0
0.0
-0.45
-0.611111111111
-0.0595238095238
1.36363636364
0.0
-0.15
15.7
-1.18918918919
-0.363636363636
1.69230769231
-4.0
-1.83157894737
0.0
0.333333333333
-8.23529411765
-0.3125
0.368421052632
0.162162162162
-0.808823529412
0.0
0.125
4.0
-0.487804878049
0.9375
0.416666666667
-4.375
3.11627906977
0.0
0.0
0.0
0.10989010989
-1.2676056338
-2.44444444444
0.913043478261
-1.34146341463
0.277777777778
0.0
1.17916666667
0.265625
0.142857142857
0.5
-0.5
0.0
0.0
-1.11111111111
-0.285714285714
-0.41095890411
0.0444444444444
-1.30434782609
0.0
0.0
-6.25
0.0
0.15873015873
2.22222222222
7.36842105263
-0.169491525424
0.0
-0.789473684211
0.4
-1.11675126904
-0.181818181818
-0.107594936709
-0.869565217391
0.0
0.977777777778
-4.33333333333
0.78431372549
0.0
0.625
4.61538461538
0.1
0.0
0.0
2.90909090909
1.78947368421
1.66666666667
-3.82068965517
-1.71212121212
0.588235294118
-1.94444444444
-0.727272727273
0.0571428571429
0.842105263158
0.0
4.21875
0.0
-0.196078431373
0.0
0.722222222222
0.0
-0.484848484848
-18.8571428571
0.555555555556
0.315789473684
-1.125
0.0
-0.25
-0.466666666667
5.5
0.0
7.85714285714
-3.28125
-0.533333333333
-5.10344827586
-0.6
-0.285714285714
0.227272727273
0.0
1.66666666667
0.568181818182
3.17391304348
1.13636363636
0.0
0.0
-0.147058823529
-1.28571428571
-1.4
0.5
-0.733333333333
0.108695652174
0.0
-0.928571428571
0.0
-0.544
0.161290322581
-0.105263157895
0.294117647059
1.04761904762
0.333333333333
-0.909090909091
0.0
0.128205128205
-2.8125
-0.148148148148
0.0
-0.4
0.947368421053
0.0
1.07954545455
-0.161290322581
-0.140845070423
0.0
0.0
0.131578947368
0.666666666667
0.222222222222
2.51724137931
-1.80555555556
0.0
-0.15
-4.73684210526
-0.12
0.227272727273
-0.333333333333
0.315789473684
0.0
0.0
-0.434782608696
1.04347826087
-0.615384615385
-0.208333333333
-0.5
-0.701754385965
-0.625
0.157068062827
-3.09523809524
-1.80952380952
-0.72
-0.125
0.545454545455
0.582524271845
-0.2
0.428571428571
-0.0769230769231
-5.05555555556
0.0
0.0
0.0666666666667
0.0
0.0
-0.133333333333
-5.0
0.0
-0.838709677419
16.200001
0.0
0.233644859813
0.174983797797
-0.486486486486
-4.496
-1.09090909091
0.117647058824
-4.33333333333
-1.87134502924
0.214285714286
-0.135685210312
0.055
0.0
0.0
-3.33333333333
-2.0652173913
0.357142857143
0.0
0.0
-0.571428571429
-2.69565217391
1.80769230769
-0.541666666667
0.0
4.30555555556
-0.384615384615
-0.3
0.797101449275
0.0
0.0645161290323
-0.416666666667
0.0
3.14285714286
0.111111111111
-1.42307692308
-0.43956043956
0.0
-1.8975
-0.540540540541
0.37037037037
2.92063492063
0.166666666667
0.0
-10.6666666667
1.0
0.0
0.625
0.473684210526
3.30526315789
2.5
7.72727272727
0.625
0.0
-0.363636363636
0.588235294118
0.0
-1.42857142857
0.353982300885
0.0
-0.05
-0.2
2.5
-0.277777777778
-0.235294117647
-1.33333333333
1.34848484848
1.23287671233
-0.484848484848
-7.98333333333
-1.9387755102
0.0
-0.4
0.0
-0.692307692308
-0.0869565217391
0.0
5.33333333333
1.13636363636
0.105263157895
0.434782608696
0.0
0.0
-0.0581395348837
0.25
2.52307692308
-0.5
0.212045454545
-0.0833333333333
2.83333333333
-2.5
3.22222222222
0.0
0.703703703704
-0.717948717949
-0.105263157895
-0.392156862745
-0.625
-1.4406779661
0.0
0.0
0.0
0.0
0.0
-0.235294117647
-0.0638977635783
1.125
-0.5
-2.22222222222
-0.117647058824
1.92
0.0
-0.10582010582
0.0
2.04545454545
-1.61111111111
0.533333333333
1.47058823529
-0.457142857143
0.40293040293
0.208333333333
-3.72580645161
0.0
-1.0
2.75
0.0
0.0
0.0
0.0641025641026
0.0
0.526315789474
0.722891566265
-0.521739130435
-0.263157894737
-0.607142857143
-0.47619047619
0.1875
-0.814814814815
-1.14285714286
1.38461538462
0.102040816327
-1.30434782609
-0.833333333333
0.0769230769231
0.6
-0.611111111111
0.0833333333333
1.28571428571
-2.3
0.444444444444
-0.54347826087
0.140845070423
-0.789473684211
0.0
0.0
0.642857142857
0.0
0.0
0.352941176471
0.928571428571
-0.416666666667
-0.819672131148
0.0
0.0
0.169491525424
6.0
-1.71428571429
0.0
0.0
0.243902439024
0.625
0.075
0.137931034483
-0.681818181818
-0.397350993377
0.692307692308
0.222232888889
0.190476190476
0.20979020979
0.923076923077
0.0
4.57142857143
0.41935483871
0.607142857143
0.903225806452
-7.28571428571
-0.0512820512821
0.75
0.0
0.0
11.9411764706
-1.24324324324
-1.93548387097
0.666666666667
1.61764705882
0.5
-5.14285714286
-1.13333333333
-0.8
1.69491525424
-1.27272727273
0.599632427735
0.0
-2.5
0.0
-0.230769230769
-3.33333333333
0.27397260274
2.82352941176
0.0
0.148148148148
1.26086956522
1.51724137931
1.55555555556
-0.181818181818
-0.833333333333
-0.125
0.0704225352113
0.0
0.0
0.0
0.217391304348
0.0
0.05
0.0
0.393442622951
-0.281690140845
0.202702702703
-0.142857142857
-2.05357142857
0.0
0.434782608696
-0.0952380952381
0.0
2.17391304348
1.0
-1.91666666667
0.333333333333
-1.98
0.782608695652
2.30769230769
0.0
2.18181818182
0.833333333333
1.65354330709
0.0
-0.636942675159
-0.72
-19.7058823529
0.111111111111
0.47619047619
0.255102040816
-0.555555555556
0.0
0.0
0.666666666667
0.217391304348
-0.307692307692
1.0
-0.451612903226
-0.863636363636
-0.46875
-5.0
0.0
-0.25
0.0
0.0
5.95238095238
0.181818181818
-0.8
0.413793103448
0.984375
-2.66
-0.75
0.641025641026
0.0
-0.333333333333
-0.6
-0.285714285714
0.384615384615
-1.45833333333
-0.384615384615
0.735294117647
0.0769230769231
-0.825688073394
0.0
0.25
0.0
3.24137931034
-1.2
0.265957446809
-4.87272727273
0.0769230769231
-0.64
2.58620689655
-0.193798449612
-2.5
4.70588235294
0.3
-0.357142857143
2.0
-3.33333333333
-1.0
-0.133333333333
-1.51515151515
-0.294117647059
1.25
0.555555555556
0.929166666667
1.33333333333
-1.0
0.235294117647
-1.88888888889
0.0
2.75
-2.5
0.0
0.0
1.42857142857
0.909090909091
1.11111111111
0.85
-0.291262135922
0.0
-3.84615384615
0.0
-1.25
-2.53333333333
-2.90909090909
-0.285714285714
-0.918918918919
-0.2
-0.598290598291
0.0
0.108695652174
1.31944444444
1.5
0.198675496689
0.289855072464
1.2
0.0
0.526315789474
-0.142857142857
-1.44444444444
-0.46511627907
-0.27397260274
2.66666666667
-0.644444444444
-0.631578947368
-2.61538461538
-0.428571428571
-0.294117647059
2.10526315789
-8.73035
-0.444444444444
0.142857142857
0.222222222222
-2.5
-1.0
0.0
-0.466666666667
0.4
-1.71428571429
0.0
0.459770114943
-0.344827586207
-0.864864864865
-6.73913043478
-0.08
0.0
-0.586206896552
0.454545454545
0.0
0.0
0.0
-0.38961038961
0.0
-0.8
0.0
-1.39130434783
-0.787037037037
0.0
-0.188679245283
0.0
0.0
-1.03286384977
0.649350649351
2.83018867925
5.7
0.0
-0.108910891089
0.0
-0.222222222222
0.0
0.666666666667
0.0
-0.294117647059
-0.916666666667
0.727272727273
0.0
-0.588235294118
-0.352941176471
-0.834645669291
-8.93333333333
-0.58064516129
0.941176470588
2.36842105263
-3.27272727273
0.0
0.47619047619
-0.135135135135
-0.10752688172
2.2
0.102564102564
0.0
-0.116129032258
-0.975609756098
0.0
0.0
-0.882352941176
1.25
0.133333333333
-3.23741007194
0.0
-1.66666666667
-0.47619047619
-0.185185185185
-0.490196078431
0.55900621118
0.133333333333
-0.344827586207
0.27397260274
0.0
0.102564102564
0.6875
0.495867768595
-1.67567567568
0.577777777778
0.493827160494
0.0
0.694444444444
1.0
1.14285714286
-0.222222222222
0.238095238095
-0.165745856354
0.0
0.222222222222
-0.294117647059
-8.13953488372
-1.85185185185
2.82051282051
-0.8
-0.538461538462
0.0
0.27149321267
0.526315789474
-1.7
-4.2962962963
0.0
0.769230769231
-0.740909090909
-0.353535353535
0.0
0.0
-0.125
1.21212121212
1.79104477612
0.0
1.21739130435
0.37037037037
0.587234042553
-0.809523809524
0.925925925926
0.0
0.0740740740741
0.0
0.0
0.0
0.0
0.222222222222
-0.172413793103
1.6
1.88888888889
0.8
0.285714285714
-0.727272727273
-3.65671641791
-0.285714285714
0.0
2.32558139535
-0.0588235294118
-2.8
0.105263157895
0.0
0.888888888889
-0.409356725146
-0.9375
1.17647058824
2.91111111111
-0.457142857143
7.66666666667
0.806451612903
-2.4
0.0
0.0
1.39024390244
0.0
0.0
-0.8125
-0.2
-0.3125
-0.2
1.10625
-1.47887323944
1.01694915254
0.260869565217
0.0
-0.909090909091
0.144444444444
-1.15384615385
3.42741935484
2.86153846154
0.258064516129
-4.03571428571
-6.21428571429
-0.355555555556
0.0
-1.60869565217
-0.846153846154
-0.166666666667
3.47222222222
0.177777777778
-0.925925925926
-0.425531914894
-2.43243243243
-3.144
-0.181818181818
-0.555555555556
-0.444444444444
-0.888888888889
0.434782608696
0.0
-0.545454545455
-0.125
0.0
0.387096774194
1.39534883721
-1.26829268293
-0.65
-0.222222222222
0.174418604651
0.521739130435
0.0
1.25925925926
0.0802469135802
-1.15384615385
1.55294117647
-1.7
3.2
0.18691588785
1.0
-0.444444444444
0.363636363636
-0.714285714286
0.384615384615
-0.438247011952
-0.0666666666667
0.0
-0.187096774194
-0.113636363636
0.38961038961
1.02702702703
-12.1428571429
2.22222222222
0.113636363636
0.214285714286
0.0
-1.11764705882
-0.769230769231
0.430107526882
-1.25
0.677966101695
-0.888888888889
-0.28
-2.05194805195
-1.21428571429
-0.810810810811
0.27397260274
0.0
0.1
0.766666666667
0.434782608696
-0.571428571429
0.0
0.229166666667
-3.66666666667
0.45197740113
0.0
-0.125
0.857142857143
0.0
-0.763888888889
0.133333333333
0.0
0.335172413793
0.666666666667
-3.25
2.54143646409
0.906666666667
-0.909090909091
0.958904109589
3.68888888889
-0.285714285714
0.0
0.185185185185
-4.87272727273
-1.0
0.0
-4.04761904762
-0.444444444444
1.2380952381
-0.47619047619
0.142857142857
10.22
-1.36363636364
0.0
0.0
0.0
1.07142857143
3.0303030303
-0.25
-0.454545454545
0.0
1.25
0.0
0.0
1.51111111111
-0.37037037037
-0.0793650793651
0.10989010989
0.0
0.888888888889
-0.384615384615
-0.18064516129
0.153846153846
15.3571428571
-0.909090909091
0.869565217391
-1.375
0.0
0.384615384615
0.0
0.08
0.666666666667
0.0
0.0
0.205882352941
0.265306122449
0.0
5.0
-0.291262135922
2.0
0.0
0.059880239521
16.3994374121
2.4358974359
0.625
1.09090909091
0.0
-0.25
-2.94117647059
-0.595238095238
-1.84210526316
0.24
-0.566037735849
0.0
-1.875
2.4
-0.625
-0.666666666667
-0.333333333333
-5.34482758621
-0.862068965517
0.0
0.355555555556
0.327272727273
2.94117647059
0.0923076923077
0.0625
0.5
1.4
-5.59322033898
0.0609756097561
0.263157894737
-0.0722991117538
0.0
0.8
0.0
0.0
0.0
0.0
0.0
0.0
0.913978494624
-0.242424242424
0.0
1.0
0.238095238095
1.36363636364
-1.23076923077
0.0
0.857142857143
-0.75
0.045045045045
0.244897959184
-1.47368421053
0.0
1.75675675676
0.0
-0.647058823529
0.5
0.0
-1.45833333333
1.22857142857
0.0
-1.02702702703
-1.47058823529
2.33333333333
0.0
2.35294117647
0.666666666667
2.58064516129
0.0
-1.02564102564
3.15151515152
0.313043478261
4.72222222222
-1.08108108108
0.0
-3.04347826087
1.71428571429
-0.454545454545
-0.117647058824
1.77083333333
0.952380952381
-0.72
-1.73913043478
-0.571428571429
2.0
-0.1
3.42857142857
-0.285714285714
-0.6
0.0
0.4
0.0
-1.75
1.25
-0.933333333333
0.0
1.25
-1.95769230769
0.409836065574
0.416666666667
0.714285714286
0.0
-0.566037735849
-0.848484848485
0.0
0.0
1.68
0.10989010989
0.277777777778
0.6
-0.24
0.595238095238
0.0
0.142857142857
0.0
0.151515151515
-0.189872151899
-1.0
0.0
-0.243902439024
0.242424242424
0.0
0.182926829268
-0.222222222222
3.6875
-1.30434086957
0.833333333333
0.0
1.22222222222
-3.63636363636
0.0
0.0
-0.945454545455
0.266666666667
-1.32075471698
-1.23076923077
1.48571428571
0.181818181818
-0.923076923077
-0.569105691057
-3.75
-0.344827586207
1.59090909091
-1.66666666667
-1.45945945946
-0.25
-0.546875
0.588235294118
1.54545454545
-0.636363636364
-2.5
0.0
2.8125
-0.140845070423
0.0
0.0
0.779816513761
0.153846153846
0.0
-0.03
1.8
-0.454545454545
0.933333333333
-0.397350993377
-1.25
0.0
0.25
-0.555555555556
0.0
0.406976744186
0.0
5.32258064516
-0.485714285714
0.268817204301
-0.806451612903
2.95161290323
1.11111111111
0.285714285714
-0.357142857143
10.0
-0.08
-2.0
0.105263157895
0.4
0.358565737052
0.733333333333
0.192307692308
-0.785714285714
0.4
0.357142857143
-1.01265822785
0.31746031746
0.5
0.0
-13.5
-0.5
0.194174757282
0.121212121212
0.142857142857
0.0
-0.684210526316
1.85185185185
-0.262295081967
0.0
-0.4
0.494791666667
0.0
-0.131578947368
3.15384615385
1.41025641026
0.0
-0.133333333333
-0.714285714286
0.441176470588
-1.0
0.0
0.0
-1.71428571429
-14.4095111111
-0.708661417323
0.0
0.0
-0.136363636364
-0.1
0.777777777778
2.90909090909
0.0
1.0
1.23529411765
0.666666666667
0.0
0.0571428571429
-2.27272727273
0.689655172414
0.0
0.982142857143
0.0
0.130434782609
-0.380952380952
0.0
-0.397350993377
0.47619047619
-0.387096774194
2.05882352941
0.0
0.352941176471
0.0
-0.588235294118
3.06603773585
0.769230769231
-1.60714285714
-1.5
1.05263157895
0.125
0.25
0.0
0.0
0.75
0.595744680851
4.11764705882
0.909090909091
0.227272727273
0.142857142857
0.0
1.42857142857
-0.810810810811
-0.294117647059
-1.29310344828
-0.424242424242
0.285714285714
0.0
-0.126582278481
0.0
-1.12727272727
0.0
-1.73469387755
-0.485436893204
0.0
0.224719101124
-0.242424242424
1.0447761194
-0.348837209302
0.0
-0.152284263959
0.0
-0.731707317073
0.0909090909091
0.0
0.0
0.0
1.30434782609
0.857142857143
2.875
0.470588235294
-0.133333333333
-0.5
0.0
0.0
0.0
0.526315789474
0.0
-0.75
0.0
-0.0990099009901
-0.604651162791
0.0833333333333
2.4
0.29197080292
0.0
-5.43
-1.62121212121
0.571428571429
-4.66666666667
-1.36363636364
-0.238095238095
0.125
1.28205128205
3.7037037037
0.0
-0.625
0.0
-0.4
-1.1875
0.0
-0.775
0.0
-0.350877192982
0.0
0.808383233533
0.208333333333
-0.777777777778
0.0
10.1818181818
0.483870967742
-2.55555555556
-0.581395348837
0.0
0.0
1.57142857143
-2.03703703704
1.45454545455
0.0
-1.77777777778
-0.533333333333
-0.260869565217
0.0
3.35555555556
-0.0512820512821
2.71428571429
1.69230769231
0.75
0.0740740740741
-1.18881118881
-0.172413793103
0.0
-0.1
-0.434782608696
0.0
-1.47826086957
0.363636363636
-1.39130434783
-1.0
0.0
-1.63043478261
-0.553191489362
0.233333333333
-0.8
-4.03225806452
-0.0531914893617
-0.1
-0.736196319018
0.538461538462
0.545454545455
0.0
0.0
-0.153846153846
0.0
-0.2
0.0
0.129032258065
-0.333333333333
-1.35670731707
2.48275862069
-0.882352941176
1.37704918033
0.0
-0.890410958904
0.0
10.3076923077
-0.709677419355
0.535714285714
0.3125
0.0
-1.07142857143
-0.805369127517
0.0
-1.4367816092
-1.52173565217
1.02040816327
-0.470588235294
0.0
-1.93548387097
5.4
0.0
0.0
0.00357142857143
-0.222222222222
0.238095238095
-0.315789473684
-0.796019900498
0.0
0.078125
0.0
-2.63888888889
-0.0510204081633
-0.5
0.0
1.42857142857
0.111111111111
0.193548387097
-1.07142857143
-0.75
0.533333333333
-2.36842105263
-0.5
0.266666666667
0.0
-2.7619047619
-0.466666666667
-5.95238095238
-0.820714285714
0.891089108911
0.0
-0.923076923077
-0.115606936416
0.0
3.47826086957
0.0
0.479452054795
0.0
-0.365853658537
-1.0
-0.625
0.694444444444
0.04
0.117647058824
0.0
0.0
0.344827586207
-1.33333333333
4.11111111111
0.0
-1.55555555556
3.83333333333
1.11111111111
0.0
0.0
-0.147624387802
0.0
-0.46511627907
0.0
-0.514071294559
0.104166666667
-2.42523364486
1.14285714286
0.0
0.0
-4.66666666667
4.30769230769
0.0
0.3125
0.0
-0.375
0.952380952381
0.0
-0.93023255814
-1.84615384615
-0.104166666667
-3.26530612245
-0.077519379845
0.263157894737
-0.433482810164
-0.684210526316
-0.727272727273
-2.85024154589
0.103092783505
21.4705882353
-6.53846153846
-0.516129032258
0.1875
0.0
-0.970873786408
-0.216911764706
-1.08695652174
0.5
0.238095238095
3.6
0.0
-0.636363636364
0.0636942675159
0.190476190476
1.05263157895
-0.3
0.0
0.0
0.0
0.294117647059
0.260869565217
-0.5
0.1875
-0.714285714286
0.0
0.0
-2.08955223881
0.0
8.70967741935
1.53846153846
5.0
0.478260869565
0.869565217391
0.0
0.0
0.307692307692
1.15384615385
-1.45454545455
0.0
-0.181818181818
1.16666666667
0.0
0.0
-0.105263157895
0.561224489796
1.33333333333
-1.24444444444
0.847457627119
-0.25
4.23076923077
-2.3
1.0
0.0
0.0
0.154639175258
3.13043478261
-1.71428571429
0.181818181818
1.14772727273
1.46956521739
0.0
-0.454545454545
2.05882352941
-0.909090909091
0.142857142857
2.14285714286
-1.15789473684
1.125
0.68085106383
1.82926829268
-0.64
-0.333333333333
4.13043478261
-2.30769230769
-1.58823529412
3.2
-0.102040816327
0.0
-2.8
-0.948509485095
-0.333333333333
-0.416666666667
-0.185185185185
-0.0909090909091
-0.886075949367
0.0
2.04511278195
0.126050420168
0.0
0.416666666667
-2.0
0.133333333333
2.0
0.70796460177
-1.09090909091
-0.802857142857
0.0
0.0
0.333333333333
2.53968253968
0.224719101124
0.8
0.0
-0.566037735849
-1.15384615385
0.0694444444444
0.3125
0.5625
5.76666666667
0.4
-1.38461538462
0.142857142857
-0.416666666667
0.0
0.25
-1.90476190476
-0.348837209302
0.631578947368
0.666666666667
0.0
-0.512820512821
0.0
5.75
-0.144927536232
0.969696969697
0.0
0.467289719626
-0.285714285714
-0.47619047619
-1.72932330827
0.0
2.22222222222
-1.0
0.0
0.0
0.0
0.181818181818
0.48
0.833333333333
-0.0987654320988
1.07476635514
-1.71428571429
0.925925925926
-0.133333333333
0.232558139535
0.875
0.260869565217
-0.419087136929
-1.27272727273
0.392156862745
0.0
0.9375
-1.66666666667
0.625
0.227272727273
0.0
-0.625
0.0
-0.25
0.0
-0.263157894737
0.0
-0.4
0.0
-5.63333333333
0.0
0.759493670886
0.0
1.79487179487
0.3125
0.0
1.21875
-1.0
1.74825174825
0.0
0.533333333333
1.02040816327
-1.42857142857
0.4
-0.743333333333
-0.748898678414
0.0
-0.294117647059
-0.24
0.0
0.3125
-0.133333333333
-1.04761904762
-0.296296296296
-0.142857142857
0.384615384615
-0.21
-0.394736842105
0.0
-0.125
0.0
-0.3
-0.510638297872
0.0
0.148148148148
0.0
0.0613496932515
-0.5
1.5
0.08
0.0
0.15873015873
0.642857142857
-0.285714285714
0.842105263158
0.571428571429
0.175438596491
0.467532467532
-0.833333333333
0.0
2.58620689655
-0.0632911392405
0.0
0.375
-0.117647058824
1.75097276265
0.0
-0.140740740741
-0.588235294118
-1.14285714286
-2.09677419355
0.689655172414
-8.78787878788
-0.571428571429
0.96
-0.137931034483
0.0
0.857142857143
-0.422535211268
0.881578947368
-2.36363636364
-3.17647058824
5.4
0.0666666666667
-3.44827586207
0.296296296296
1.25
4.5
-0.142857142857
0.55
0.0
0.0507614213198
-1.0
-0.263157894737
4.0
0.0
0.810810810811
0.45871559633
0.952380952381
-0.181818181818
20.6666666667
-2.30769230769
0.02
1.28
0.0
0.333333333333
0.454545454545
0.0
0.36
-0.363636363636
-0.588235294118
-1.50537634409
-1.21212121212
0.0
-1.51111111111
0.310975609756
-0.173
-0.315789473684
0.416666666667
0.641025641026
0.0
0.0
-0.142857142857
1.76470588235
-1.1320754717
1.25217391304
0.0
0.666666666667
0.0
0.0
0.0
-2.54545454545
-3.83333333333
0.0
0.636363636364
-4.54545454545
1.27118644068
-0.128205128205
-1.02941176471
1.44444444444
0.54347826087
-4.16666666667
-0.5
5.5421686747
-0.75
-1.42857142857
0.0
1.17647058824
2.32558139535
1.41176470588
0.602409638554
-0.0704225352113
0.133333333333
-0.555555555556
-1.5
1.0
-0.344827586207
0.263157894737
-0.526315789474
0.0
0.0
0.0
-0.889763779528
-1.25
0.0
-0.6
-8.11764705882
-1.90697674419
0.0
-0.794701986755
0.0
-0.140845070423
0.0
1.4
0.426829268293
-0.0787401574803
0.235294117647
0.0
0.857142857143
0.222222222222
0.923076923077
4.41860465116
1.66666666667
0.535714285714
-0.918032786885
-1.26086956522
-0.3125
0.757575757576
-0.5625
0.0
-0.709677419355
0.0
3.81818181818
1.89743589744
-0.666666666667
0.786516853933
0.0
-1.31578947368
0.0
0.0
-1.02564102564
0.727272727273
0.153846153846
-0.777777777778
0.260869565217
-0.0772946859903
16.200001
0.0645161290323
0.714285714286
0.0
-1.47826086957
0.0
-0.583333333333
-0.2
0.0
3.42857142857
-0.596026490066
-0.125
0.416666666667
0.08
1.0
0.0
-0.25
1.33333333333
-0.294117647059
1.10344827586
-0.728571428571
2.1875
0.470588235294
0.32
0.454545454545
5.29411764706
1.5
-0.336842105263
0.0
-0.0609756097561
2.76923076923
0.0
-3.80952380952
1.25
1.91666666667
-1.0
-0.454545454545
0.0
0.0
0.666666666667
-1.45454545455
0.0
0.0
4.5652173913
-0.333333333333
-2.42857142857
-1.11111111111
0.125
2.0
0.102564102564
0.0
-0.588235294118
-1.05263157895
-1.0
0.95
-0.571428571429
0.17793594306
-0.479452054795
6.34615384615
-1.42857142857
2.38095238095
-0.179445350734
2.68292682927
-1.32653061224
0.0
0.508474576271
0.0
0.0645161290323
0.0
1.33333333333
-0.322580645161
0.0
0.0
0.0
-1.16666666667
-1.33333333333
0.0757575757576
0.0
0.166666666667
0.155089380459
-0.592592592593
-1.27272727273
-1.17647058824
-2.7037037037
0.266666666667
0.0
-0.9375
0.0
0.0
-0.666666666667
0.08
0.117647058824
0.185185185185
-4.85
-1.08108108108
-0.117647058824
-0.24
0.333333333333
0.0
-1.73228346457
-0.0684931506849
0.625
0.0
0.454545454545
1.13636363636
0.0
-0.615384615385
-3.05555555556
-0.428571428571
0.25641025641
-0.5
1.47058823529
1.23076923077
0.0
2.11538461538
-0.0666666666667
2.56756756757
-0.866666666667
-0.266666666667
-0.505050505051
-0.153846153846
-0.384615384615
-0.117647058824
0.0
-0.462633451957
-0.1
1.03333333333
-0.15625
0.470588235294
-0.363636363636
0.260416666667
0.555555555556
-0.140845070423
0.0
0.666666666667
0.0
0.294117647059
-0.434782608696
0.0
0.0
0.0
1.35384615385
-1.25
-0.266666666667
0.0
0.352941176471
1.76470588235
0.5
0.0
-0.777777777778
3.79310344828
0.0222222222222
0.0
0.266666666667
0.0740740740741
2.1875
0.0
-2.45
0.0
0.525
3.52941176471
8.42592592593
-0.9375
-0.35
-0.350877192982
0.0
-0.0689655172414
0.0806451612903
0.0
0.5
0.2
2.07142857143
5.07462686567
0.0
0.0
-1.04347826087
-0.641025641026
0.32
1.65517241379
0.0
-1.86206896552
0.896551724138
-2.68
0.8
-2.29411764706
0.169491525424
0.15625
-0.194805194805
0.393700787402
-0.545454545455
2.5
4.41176470588
0.0
-0.526315789474
-1.38888888889
-0.311111111111
0.0
0.0
-0.0551948051948
0.0
0.0
1.8
-0.203045685279
-0.3
-55.3018933333
-1.95652173913
0.0
-0.384615384615
-1.42857142857
1.69230769231
-0.810810810811
-0.0975609756098
-0.1171875
0.111111111111
0.548780487805
0.0
0.505050505051
0.375
0.0
0.285714285714
0.0
-0.827067669173
1.375
-0.231481481481
2.09205020921
0.0
0.0
-6.0
0.190476190476
-1.875
0.866666666667
1.96875
-1.13636363636
0.0
0.5
-10.4666666667
0.433333333333
0.0
-0.1
0.0
-0.222222222222
0.677966101695
-0.117647058824
0.0869565217391
0.0
0.0
-0.4
-0.372611464968
0.0
11.0
-0.425531914894
0.888
-0.471698113208
0.909090909091
-0.324324324324
0.0
-1.76165803109
-1.21739130435
2.25
0.952380952381
-7.10526315789
-0.08
0.0
-1.13636363636
-0.34965034965
0.0
1.12
-4.36363636364
0.0
-0.161289032258
1.25
0.846153846154
0.805687203791
0.75
0.0
-0.25
1.88888888889
-0.5
-0.149253731343
-0.5
0.833333333333
-0.555555555556
31.9444444444
-0.25
0.0
2.91666666667
0.459770114943
1.0
0.315789473684
0.0
1.88034188034
-0.725806451613
0.0
-2.28571428571
0.0
1.17647058824
0.727272727273
-0.512820512821
-0.25
-1.37190082645
1.21951219512
0.0769230769231
0.145631067961
0.0
-24.9733333333
0.37037037037
1.875
-0.0515463917526
0.518518518519
0.0
-1.66666666667
0.756666666667
-0.416666666667
0.2
0.1
-1.00892857143
0.30303030303
0.0
2.10526315789
-0.0952380952381
0.0
-0.24
-1.66666666667
-2.24
-0.4
0.0
0.133333333333
0.3125
0.0153005464481
0.48951048951
5.33333333333
-0.65
0.0
-1.08108108108
0.0
-0.0952380952381
-1.42857142857
0.0
0.0645161290323
0.744680851064
0.113636363636
0.350877192982
0.0
-0.2
-3.28571428571
1.23076923077
-0.7475
9.94252873563
0.444444444444
-0.81
0.0
-0.363636363636
-0.814814814815
4.5
0.0
-2.27272727273
-1.65714285714
1.14285714286
-0.714285714286
-0.131578947368
-1.98717948718
-0.6
0.117647058824
-1.16822429907
1.88461538462
0.0
-0.2125
0.222222222222
0.0
-0.351851851852
-0.533333333333
0.25
0.0
-1.05
0.857142857143
0.0
-0.833333333333
0.266666666667
0.0
-20.5604941176
-1.66666666667
-0.0552486187845
1.83823529412
-0.37037037037
0.0
-0.176470588235
0.526315789474
-0.281690140845
0.0
0.333333333333
-0.3
0.244988864143
-1.60377358491
0.0
5.024
0.0
-1.08108108108
0.666666666667
-0.892857142857
-4.78527607362
-0.176470588235
0.0
0.526315789474
-1.09090909091
1.21739130435
0.846774193548
0.0
-1.15384615385
0.0925925925926
-5.912
-0.869565217391
1.09375
-0.571428571429
0.0
0.0
0.0689655172414
-0.695652173913
0.666666666667
1.57894736842
0.0
0.5
-1.66666666667
1.0046728972
-1.27906976744
-1.67567567568
0.0
-0.227272727273
-0.943396226415
0.0
6.47058823529
1.75
1.36363636364
-2.1875
0.0
0.0
-0.30303030303
0.216216216216
2.0618556701
-0.3125
-3.33333333333
-2.24299065421
1.33928571429
0.18018018018
1.41666666667
0.0
0.967741935484
0.88
-0.708333333333
0.0
0.0
1.73076923077
0.666666666667
-0.444444444444
2.0
0.759162303665
-0.555555555556
-0.727272727273
1.32530120482
0.0
0.333333333333
-1.2
-0.176470588235
0.222222222222
-1.5625
0.461538461538
0.0
0.0
0.0
-0.0666666666667
0.0162866449511
-0.444444444444
-0.428571428571
0.0
0.232558139535
-0.966666666667
-0.363636363636
0.0
4.09090909091
-0.397350993377
0.0
0.0
0.0
-0.384615384615
0.384615384615
0.0
0.521739130435
0.365853658537
0.728476821192
0.0
-0.32
-0.30303030303
-0.632911392405
-2.82407407407
-0.652173913043
0.037037037037
-1.90476190476
-0.357142857143
-0.391304347826
0.507246376812
0.628289473684
-0.554016620499
0.0
5.31261176471
1.50537634409
3.83333333333
11.7142857143
1.05633802817
-0.142857142857
0.0
0.0
0.0
1.0
-2.82051282051
-2.1
1.0
-0.25
0.666666666667
0.466666666667
-0.666666666667
0.0
-0.5
0.0
0.227272727273
-2.0
-1.0
-1.57575757576
-0.157480314961
-0.545454545455
1.82905982906
0.671052631579
0.722891566265
-2.4
-0.484848484848
-0.727272727273
0.15873015873
0.0
0.0
1.11111111111
0.210526315789
-1.17142857143
-2.09677419355
-3.9649122807
-2.18085106383
0.0
-0.813953488372
-0.875
2.5
-0.576923076923
-1.0
0.0
-0.210526315789
-0.263157894737
0.833333333333
-0.227272727273
-0.0952380952381
-3.42857142857
1.47058823529
-0.6
0.0
-6.09523761905
0.0
-0.488888888889
0.0
0.0
0.0
1.86666666667
0.117647058824
-0.196078431373
0.0
-0.37037037037
0.1
1.15853658537
-2.11764705882
-0.227272727273
1.47368421053
0.0
0.774193548387
1.32075471698
0.0
-1.54545454545
0.125
0.245901639344
-0.192307692308
1.03448275862
-0.381355932203
0.0
1.94375
-0.32
-0.0909090909091
-0.918367346939
0.0
0.0
-0.166666666667
0.422535211268
2.58461538462
-0.564516129032
-1.13333333333
2.7
0.0
0.4
-0.149253731343
-0.125
0.0
-0.222222222222
-0.153846153846
0.333333333333
0.0
-4.95238095238
-0.37037037037
1.21739130435
4.47368421053
2.07692307692
0.0
0.0
0.578947368421
1.53846153846
0.105263157895
-1.13043478261
0.727272727273
0.0
0.529411764706
-0.263157894737
-1.54761904762
-1.16161616162
0.671641791045
0.0
0.0
-0.111111111111
-4.4347826087
-0.227272727273
0.0
0.0
0.0
-0.5
1.36363636364
0.0
-0.514705882353
0.0
-0.966666666667
0.0
-0.285714285714
-0.0658333333333
0.428571428571
0.0
-0.326530612245
-0.701754385965
-1.77777777778
0.766492146597
-0.425324675325
-1.68421052632
-5.36
14.2857142857
1.36363636364
-0.0307692307692
-0.210526315789
22.6315789474
1.31868131868
0.0
0.0
0.5
-0.533333333333
0.0
1.35135135135
-0.321428571429
0.0
-0.125
0.0
1.1875
-0.0512820512821
0.0
0.5
-0.795107033639
0.0
1.69491525424
-2.15
0.0
0.2
0.0
-4.33333333333
1.21212121212
0.369822485207
3.2
-10.1428571429
0.714285714286
0.142857142857
-1.90476190476
-0.498338870432
-21.25
-5.16128765869e-05
0.222222222222
-0.201612903226
-1.62162162162
-2.1
-0.76
0.857142857143
-0.119047619048
1.98581560284
0.387931034483
2.55555555556
2.5641025641
0.410256410256
0.833333333333
1.33553719008
0.40404040404
0.363636363636
0.0
0.0
1.04956268222
0.6
0.111111111111
3.90625
0.3125
0.869565217391
0.547945205479
0.0
-0.238095238095
-0.111111111111
-2.5
0.245398773006
0.333333333333
-0.238095238095
0.208333333333
1.42105263158
1.53846153846
0.446246067914
0.520833333333
0.0
0.0
0.0
-0.5
-0.355555555556
-1.78571428571
0.571428571429
1.16666666667
0.0
-0.727272727273
0.0
-1.12676056338
0.0
0.461538461538
-1.26315789474
0.8
-0.990099009901
-2.58333333333
0.15
-0.245398773006
0.0
0.0
2.72727272727
0.194805194805
-0.172413793103
0.0
1.2
0.0714285714286
5.22727272727
-0.155555555556
0.227272727273
0.0
0.0
0.267857142857
-1.0
1.48387096774
-0.909090909091
-0.0666666666667
0.0
-0.909090909091
2.52380952381
-0.459770114943
-0.962199312715
4.57142857143
0.692307692308
2.95454545455
-0.8
3.23333333333
0.149720670391
0.0
1.83823529412
-1.85185185185
0.263157894737
0.0
0.1875
0.952380952381
-5.09090909091
0.16
0.0
0.181818181818
0.0
2.57142857143
0.0
-0.666666666667
0.173913043478
0.0
0.0
10.7142857143
0.708955223881
-0.8
0.5
-1.0
-0.643761559255
-0.32
0.0
-0.378787878788
-0.375
-0.269230769231
-0.114285714286
-0.222222222222
-1.47640791476
0.0
4.21052631579
0.281690140845
2.0
1.03448275862
-1.13333333333
0.85
-2.16216216216
0.0
-0.25
-0.610687022901
0.0
1.11764705882
0.921052631579
0.963855421687
0.333333333333
0.0
0.166666666667
0.526315789474
0.0
0.2
0.0
0.333333333333
-1.40983606557
0.4
0.49576533774
-1.53846153846
0.111111111111
0.231481481481
1.72727272727
-0.294117647059
0.0
-2.52631578947
0.0
-1.2987012987
-1.25
0.583333333333
1.66666666667
0.190476190476
0.0
-0.12
0.0
-0.434782608696
0.222222222222
0.5
-0.393258426966
-7.1204
0.0
0.434782608696
-0.833333333333
0.0
0.37037037037
2.0
1.07692307692
0.970149253731
1.61904761905
0.0
-0.210526315789
-0.416666666667
-0.2
1.04347826087
0.0
0.0
0.526315789474
0.333333333333
0.0
1.57894736842
0.444444444444
0.0
0.37037037037
4.23076923077
-0.235294117647
-1.33333333333
0.0
-0.448818897638
-0.231481481481
-0.746268656716
-0.853658536585
-0.909090909091
0.153846153846
0.0
-0.0555555555556
0.0
0.0
-0.925925925926
-6.36363636364
2.04081632653
-5.72173913043
0.0
-1.0
-0.171428571429
-0.375
0.516129032258
0.533333333333
-0.833333333333
-0.285714285714
0.666666666667
0.0
0.0
0.0
0.0
0.0
0.294117647059
-0.210526315789
-1.97368421053
-8.0
-1.33333333333
0.10101010101
-0.645161290323
20.0
0.0
0.142857142857
-0.810810810811
0.553846153846
0.95652173913
5.83333333333
2.58064516129
-0.833340845959
0.0
-3.52941176471
2.08333333333
-0.357142857143
-0.263157894737
-1.44444444444
0.0
-15.5555555556
0.0
-3.84615384615
-2.27692307692
6.53266331658
0.0
0.392156862745
0.0
0.153846153846
-1.25581395349
-1.42857142857
-2.16666666667
-1.91304347826
0.0
0.0
0.0
0.0
0.161290322581
-0.384615384615
-1.60714285714
0.0
1.5
5.15151515152
-1.31213872832
-0.114285714286
0.0833333333333
-1.73912347826
0.4
0.260869565217
-0.901639344262
0.750819672131
-0.333333333333
1.62352941176
-2.60952380952
0.0
-1.35849056604
-0.571428571429
0.0
4.53125
-0.121951219512
0.0
-1.30434782609
0.0
4.83636363636
0.326594090202
-1.25714285714
1.46666666667
0.0
29.0
0.0
-0.846153846154
1.21621621622
0.666666666667
0.0
0.0
-0.739130434783
0.868167202572
4.66507177033
0.0
1.4
-0.357142857143
0.538461538462
0.0
-0.235294117647
0.652173913043
-0.769230769231
-0.333333333333
-0.153846153846
0.0
-0.322580645161
-9.55555555556
2.36923076923
-0.75
0.307692307692
0.166666666667
2.08333333333
1.72932330827
0.327868852459
1.23287671233
-0.0892857142857
0.0
-0.142857142857
0.0
-0.1
-0.774647887324
-2.38095238095
0.0
0.352941176471
0.0
1.47058823529
0.0
-1.41025641026
0.0
1.19496855346
0.583333333333
0.0
0.472972972973
2.6
-1.0
0.342857142857
10.5263157895
0.0
0.108695652174
0.121212121212
-1.21904761905
3.11111111111
0.294117647059
-0.0663716814159
0.133333333333
-0.684210526316
0.54347826087
-0.505617977528
2.44117647059
-0.077519379845
-0.911504424779
2.27678571429
0.0
10.3703703704
-0.5
0.0
-0.947368421053
-0.266666666667
0.636363636364
-1.29347826087
0.48
0.0
0.0
2.94117647059
-0.961832061069
0.0
0.366666666667
0.238095238095
0.117647058824
0.0
-5.6
-1.30434782609
0.0
0.430107526882
0.0
0.0
0.0
1.73469387755
0.0
1.57777777778
-0.408163265306
-0.167525773196
0.0
-0.808823529412
0.571428571429
-5.62962962963
-0.0442477876106
-0.434782608696
0.121951219512
-0.470588235294
0.153846153846
0.212045454545
-0.166666666667
-0.387096774194
0.636363636364
0.581395348837
0.0
0.0
0.556208053691
0.0
1.33333333333
0.424242424242
1.15942028986
-0.875
1.46666666667
-2.0
-0.322580645161
0.0
0.0
0.113636363636
0.166666666667
-2.28070175439
-0.0884955752212
-1.75
0.0909090909091
-0.123456790123
-0.25
0.264900662252
-0.540540540541
-0.714285714286
0.3125
-0.0666666666667
-1.0625
2.3
1.72413793103
1.2
0.377358490566
0.833336
-4.5
-1.95918367347
-0.235294117647
-1.24210526316
0.133333333333
-0.666666666667
0.6
-3.47826086957
0.0
0.212765957447
-2.55
-2.53333333333
-9.54545454545
-0.198675496689
0.207305034551
0.166666666667
0.0
-0.545454545455
2.46153846154
3.07692307692
0.681818181818
6310 6528
